/*--------------------------------*- C++ -*----------------------------------*\
| =========                 |                                                 |
| \\      /  F ield         | OpenFOAM: The Open Source CFD Toolbox           |
|  \\    /   O peration     | Version:  v1812                                 |
|   \\  /    A nd           | Web:      www.OpenFOAM.com                      |
|    \\/     M anipulation  |                                                 |
\*---------------------------------------------------------------------------*/
FoamFile
{
    version     2.0;
    format      ascii;
    class       volScalarField;
    location    "1";
    object      pDiff;
}
// * * * * * * * * * * * * * * * * * * * * * * * * * * * * * * * * * * * * * //

dimensions      [0 0 0 0 0 0 0];


internalField   nonuniform List<scalar> 
10000
(
0.217839
0.217839
0.21784
0.217841
0.217843
0.217846
0.217848
0.217851
0.217855
0.217859
0.217863
0.217868
0.217873
0.217879
0.217885
0.217891
0.217897
0.217904
0.21791
0.217917
0.217925
0.217932
0.217939
0.217947
0.217954
0.217962
0.21797
0.217977
0.217985
0.217992
0.218
0.218007
0.218014
0.21802
0.218027
0.218033
0.218039
0.218045
0.21805
0.218055
0.21806
0.218064
0.218068
0.218071
0.218074
0.218076
0.218078
0.21808
0.218081
0.218081
0.218081
0.218081
0.21808
0.218078
0.218076
0.218074
0.218071
0.218068
0.218064
0.21806
0.218055
0.21805
0.218045
0.218039
0.218033
0.218027
0.21802
0.218014
0.218007
0.218
0.217992
0.217985
0.217977
0.21797
0.217962
0.217954
0.217947
0.217939
0.217932
0.217925
0.217917
0.21791
0.217904
0.217897
0.217891
0.217885
0.217879
0.217873
0.217868
0.217863
0.217859
0.217855
0.217851
0.217848
0.217846
0.217843
0.217841
0.21784
0.217839
0.217839
0.217839
0.21784
0.217841
0.217842
0.217844
0.217846
0.217849
0.217852
0.217856
0.21786
0.217864
0.217869
0.217874
0.217879
0.217885
0.217891
0.217897
0.217904
0.217911
0.217918
0.217925
0.217932
0.21794
0.217948
0.217955
0.217963
0.21797
0.217978
0.217986
0.217993
0.218
0.218007
0.218014
0.218021
0.218028
0.218034
0.21804
0.218046
0.218051
0.218056
0.218061
0.218065
0.218069
0.218072
0.218075
0.218077
0.218079
0.218081
0.218082
0.218082
0.218082
0.218082
0.218081
0.218079
0.218077
0.218075
0.218072
0.218069
0.218065
0.218061
0.218056
0.218051
0.218046
0.21804
0.218034
0.218028
0.218021
0.218014
0.218007
0.218
0.217993
0.217986
0.217978
0.21797
0.217963
0.217955
0.217948
0.21794
0.217932
0.217925
0.217918
0.217911
0.217904
0.217897
0.217891
0.217885
0.217879
0.217874
0.217869
0.217864
0.21786
0.217856
0.217852
0.217849
0.217846
0.217844
0.217842
0.217841
0.21784
0.217839
0.21784
0.217841
0.217841
0.217843
0.217845
0.217847
0.21785
0.217853
0.217857
0.217861
0.217865
0.21787
0.217875
0.21788
0.217886
0.217892
0.217899
0.217905
0.217912
0.217919
0.217926
0.217934
0.217941
0.217949
0.217956
0.217964
0.217972
0.217979
0.217987
0.217994
0.218002
0.218009
0.218016
0.218023
0.218029
0.218036
0.218042
0.218047
0.218053
0.218058
0.218062
0.218067
0.21807
0.218074
0.218077
0.218079
0.218081
0.218082
0.218083
0.218084
0.218084
0.218083
0.218082
0.218081
0.218079
0.218077
0.218074
0.21807
0.218067
0.218062
0.218058
0.218053
0.218047
0.218042
0.218036
0.218029
0.218023
0.218016
0.218009
0.218002
0.217994
0.217987
0.217979
0.217972
0.217964
0.217956
0.217949
0.217941
0.217934
0.217926
0.217919
0.217912
0.217905
0.217899
0.217892
0.217886
0.21788
0.217875
0.21787
0.217865
0.217861
0.217857
0.217853
0.21785
0.217847
0.217845
0.217843
0.217841
0.217841
0.21784
0.217841
0.217842
0.217843
0.217844
0.217846
0.217848
0.217851
0.217854
0.217858
0.217862
0.217866
0.217871
0.217876
0.217882
0.217888
0.217894
0.2179
0.217907
0.217914
0.217921
0.217928
0.217936
0.217943
0.217951
0.217958
0.217966
0.217974
0.217981
0.217989
0.217997
0.218004
0.218011
0.218018
0.218025
0.218032
0.218038
0.218044
0.21805
0.218055
0.21806
0.218065
0.218069
0.218073
0.218076
0.218079
0.218082
0.218084
0.218085
0.218086
0.218087
0.218087
0.218086
0.218085
0.218084
0.218082
0.218079
0.218076
0.218073
0.218069
0.218065
0.21806
0.218055
0.21805
0.218044
0.218038
0.218032
0.218025
0.218018
0.218011
0.218004
0.217997
0.217989
0.217981
0.217974
0.217966
0.217958
0.217951
0.217943
0.217936
0.217928
0.217921
0.217914
0.217907
0.2179
0.217894
0.217888
0.217882
0.217876
0.217871
0.217866
0.217862
0.217858
0.217854
0.217851
0.217848
0.217846
0.217844
0.217843
0.217842
0.217841
0.217843
0.217844
0.217845
0.217846
0.217848
0.21785
0.217853
0.217856
0.21786
0.217864
0.217868
0.217873
0.217878
0.217884
0.21789
0.217896
0.217902
0.217909
0.217916
0.217923
0.217931
0.217938
0.217946
0.217953
0.217961
0.217969
0.217976
0.217984
0.217992
0.217999
0.218007
0.218014
0.218021
0.218028
0.218035
0.218041
0.218047
0.218053
0.218058
0.218063
0.218068
0.218072
0.218076
0.21808
0.218083
0.218085
0.218087
0.218088
0.218089
0.21809
0.21809
0.218089
0.218088
0.218087
0.218085
0.218083
0.21808
0.218076
0.218072
0.218068
0.218063
0.218058
0.218053
0.218047
0.218041
0.218035
0.218028
0.218021
0.218014
0.218007
0.217999
0.217992
0.217984
0.217976
0.217969
0.217961
0.217953
0.217946
0.217938
0.217931
0.217923
0.217916
0.217909
0.217902
0.217896
0.21789
0.217884
0.217878
0.217873
0.217868
0.217864
0.21786
0.217856
0.217853
0.21785
0.217848
0.217846
0.217845
0.217844
0.217843
0.217846
0.217846
0.217847
0.217848
0.21785
0.217853
0.217855
0.217859
0.217862
0.217866
0.217871
0.217876
0.217881
0.217887
0.217892
0.217899
0.217905
0.217912
0.217919
0.217926
0.217933
0.217941
0.217949
0.217956
0.217964
0.217972
0.21798
0.217988
0.217995
0.218003
0.21801
0.218018
0.218025
0.218032
0.218039
0.218045
0.218051
0.218057
0.218062
0.218068
0.218072
0.218077
0.21808
0.218084
0.218087
0.218089
0.218091
0.218093
0.218094
0.218094
0.218094
0.218094
0.218093
0.218091
0.218089
0.218087
0.218084
0.21808
0.218077
0.218072
0.218068
0.218062
0.218057
0.218051
0.218045
0.218039
0.218032
0.218025
0.218018
0.21801
0.218003
0.217995
0.217988
0.21798
0.217972
0.217964
0.217956
0.217949
0.217941
0.217933
0.217926
0.217919
0.217912
0.217905
0.217899
0.217893
0.217887
0.217881
0.217876
0.217871
0.217866
0.217862
0.217859
0.217855
0.217853
0.21785
0.217848
0.217847
0.217846
0.217846
0.217848
0.217849
0.21785
0.217851
0.217853
0.217855
0.217858
0.217862
0.217865
0.217869
0.217874
0.217879
0.217884
0.21789
0.217896
0.217902
0.217908
0.217915
0.217922
0.21793
0.217937
0.217945
0.217952
0.21796
0.217968
0.217976
0.217984
0.217992
0.217999
0.218007
0.218015
0.218022
0.218029
0.218036
0.218043
0.21805
0.218056
0.218062
0.218067
0.218072
0.218077
0.218081
0.218085
0.218089
0.218092
0.218094
0.218096
0.218098
0.218099
0.218099
0.218099
0.218099
0.218098
0.218096
0.218094
0.218092
0.218089
0.218085
0.218081
0.218077
0.218072
0.218067
0.218062
0.218056
0.21805
0.218043
0.218036
0.218029
0.218022
0.218015
0.218007
0.217999
0.217992
0.217984
0.217976
0.217968
0.21796
0.217952
0.217945
0.217937
0.21793
0.217922
0.217915
0.217908
0.217902
0.217896
0.21789
0.217884
0.217879
0.217874
0.217869
0.217865
0.217862
0.217858
0.217855
0.217853
0.217851
0.21785
0.217849
0.217848
0.217851
0.217852
0.217853
0.217854
0.217856
0.217859
0.217862
0.217865
0.217869
0.217873
0.217877
0.217882
0.217888
0.217893
0.217899
0.217906
0.217912
0.217919
0.217926
0.217934
0.217941
0.217949
0.217957
0.217964
0.217972
0.21798
0.217988
0.217996
0.218004
0.218012
0.21802
0.218027
0.218034
0.218042
0.218048
0.218055
0.218061
0.218067
0.218073
0.218078
0.218083
0.218087
0.218091
0.218095
0.218098
0.2181
0.218102
0.218104
0.218105
0.218105
0.218105
0.218105
0.218104
0.218102
0.2181
0.218098
0.218095
0.218091
0.218087
0.218083
0.218078
0.218073
0.218067
0.218061
0.218055
0.218048
0.218042
0.218034
0.218027
0.21802
0.218012
0.218004
0.217996
0.217988
0.21798
0.217972
0.217964
0.217957
0.217949
0.217941
0.217934
0.217926
0.217919
0.217912
0.217906
0.217899
0.217893
0.217888
0.217882
0.217877
0.217873
0.217869
0.217865
0.217862
0.217859
0.217856
0.217854
0.217853
0.217852
0.217851
0.217855
0.217856
0.217857
0.217858
0.21786
0.217862
0.217865
0.217869
0.217872
0.217877
0.217881
0.217886
0.217892
0.217897
0.217903
0.21791
0.217917
0.217923
0.217931
0.217938
0.217946
0.217953
0.217961
0.217969
0.217977
0.217985
0.217994
0.218002
0.21801
0.218017
0.218025
0.218033
0.21804
0.218047
0.218054
0.218061
0.218067
0.218073
0.218079
0.218084
0.218089
0.218094
0.218098
0.218101
0.218104
0.218107
0.218109
0.218111
0.218112
0.218112
0.218112
0.218112
0.218111
0.218109
0.218107
0.218104
0.218101
0.218098
0.218094
0.218089
0.218084
0.218079
0.218073
0.218067
0.218061
0.218054
0.218047
0.21804
0.218033
0.218025
0.218017
0.21801
0.218002
0.217994
0.217985
0.217977
0.217969
0.217961
0.217953
0.217946
0.217938
0.217931
0.217923
0.217917
0.21791
0.217903
0.217897
0.217892
0.217886
0.217881
0.217877
0.217872
0.217869
0.217865
0.217862
0.21786
0.217858
0.217857
0.217856
0.217855
0.217859
0.21786
0.217861
0.217862
0.217864
0.217866
0.217869
0.217873
0.217877
0.217881
0.217885
0.217891
0.217896
0.217902
0.217908
0.217915
0.217921
0.217928
0.217936
0.217943
0.217951
0.217959
0.217967
0.217975
0.217983
0.217991
0.217999
0.218007
0.218016
0.218024
0.218031
0.218039
0.218047
0.218054
0.218061
0.218068
0.218074
0.21808
0.218086
0.218092
0.218096
0.218101
0.218105
0.218109
0.218112
0.218114
0.218117
0.218118
0.218119
0.21812
0.21812
0.218119
0.218118
0.218117
0.218114
0.218112
0.218109
0.218105
0.218101
0.218096
0.218092
0.218086
0.21808
0.218074
0.218068
0.218061
0.218054
0.218047
0.218039
0.218031
0.218024
0.218016
0.218007
0.217999
0.217991
0.217983
0.217975
0.217967
0.217959
0.217951
0.217943
0.217936
0.217928
0.217921
0.217915
0.217908
0.217902
0.217896
0.217891
0.217885
0.217881
0.217877
0.217873
0.217869
0.217866
0.217864
0.217862
0.217861
0.21786
0.217859
0.217863
0.217864
0.217865
0.217866
0.217868
0.217871
0.217874
0.217877
0.217881
0.217885
0.21789
0.217895
0.217901
0.217907
0.217913
0.21792
0.217927
0.217934
0.217941
0.217949
0.217957
0.217964
0.217973
0.217981
0.217989
0.217997
0.218006
0.218014
0.218022
0.21803
0.218038
0.218046
0.218054
0.218061
0.218068
0.218075
0.218082
0.218088
0.218094
0.218099
0.218104
0.218109
0.218113
0.218117
0.21812
0.218123
0.218125
0.218126
0.218127
0.218128
0.218128
0.218127
0.218126
0.218125
0.218123
0.21812
0.218117
0.218113
0.218109
0.218104
0.218099
0.218094
0.218088
0.218082
0.218075
0.218068
0.218061
0.218054
0.218046
0.218038
0.21803
0.218022
0.218014
0.218006
0.217997
0.217989
0.217981
0.217973
0.217965
0.217957
0.217949
0.217941
0.217934
0.217927
0.21792
0.217913
0.217907
0.217901
0.217895
0.21789
0.217885
0.217881
0.217877
0.217874
0.217871
0.217868
0.217866
0.217865
0.217864
0.217863
0.217868
0.217869
0.21787
0.217871
0.217873
0.217876
0.217879
0.217882
0.217886
0.217891
0.217895
0.217901
0.217906
0.217912
0.217919
0.217925
0.217932
0.217939
0.217947
0.217955
0.217963
0.217971
0.217979
0.217987
0.217996
0.218004
0.218013
0.218021
0.218029
0.218038
0.218046
0.218054
0.218062
0.218069
0.218076
0.218083
0.21809
0.218096
0.218102
0.218108
0.218113
0.218118
0.218122
0.218126
0.218129
0.218132
0.218134
0.218135
0.218137
0.218137
0.218137
0.218137
0.218135
0.218134
0.218132
0.218129
0.218126
0.218122
0.218118
0.218113
0.218108
0.218102
0.218096
0.21809
0.218083
0.218076
0.218069
0.218062
0.218054
0.218046
0.218038
0.218029
0.218021
0.218013
0.218004
0.217996
0.217987
0.217979
0.217971
0.217963
0.217955
0.217947
0.217939
0.217932
0.217925
0.217919
0.217912
0.217906
0.217901
0.217895
0.217891
0.217886
0.217882
0.217879
0.217876
0.217873
0.217871
0.21787
0.217869
0.217868
0.217873
0.217874
0.217875
0.217876
0.217878
0.217881
0.217884
0.217888
0.217892
0.217896
0.217901
0.217906
0.217912
0.217918
0.217924
0.217931
0.217938
0.217946
0.217953
0.217961
0.217969
0.217978
0.217986
0.217994
0.218003
0.218012
0.21802
0.218029
0.218037
0.218046
0.218054
0.218062
0.21807
0.218078
0.218085
0.218092
0.218099
0.218105
0.218111
0.218117
0.218122
0.218127
0.218131
0.218135
0.218138
0.218141
0.218143
0.218145
0.218146
0.218147
0.218147
0.218146
0.218145
0.218143
0.218141
0.218138
0.218135
0.218131
0.218127
0.218122
0.218117
0.218111
0.218105
0.218099
0.218092
0.218085
0.218078
0.21807
0.218062
0.218054
0.218046
0.218037
0.218029
0.21802
0.218012
0.218003
0.217994
0.217986
0.217978
0.217969
0.217961
0.217953
0.217946
0.217938
0.217931
0.217924
0.217918
0.217912
0.217906
0.217901
0.217896
0.217892
0.217888
0.217884
0.217881
0.217878
0.217876
0.217875
0.217874
0.217873
0.217879
0.217879
0.21788
0.217882
0.217884
0.217887
0.21789
0.217893
0.217897
0.217902
0.217907
0.217912
0.217918
0.217924
0.217931
0.217938
0.217945
0.217952
0.21796
0.217968
0.217976
0.217985
0.217993
0.218002
0.218011
0.218019
0.218028
0.218037
0.218046
0.218054
0.218063
0.218071
0.218079
0.218087
0.218094
0.218102
0.218108
0.218115
0.218121
0.218127
0.218132
0.218137
0.218142
0.218145
0.218149
0.218152
0.218154
0.218156
0.218157
0.218157
0.218157
0.218157
0.218156
0.218154
0.218152
0.218149
0.218145
0.218142
0.218137
0.218132
0.218127
0.218121
0.218115
0.218108
0.218102
0.218094
0.218087
0.218079
0.218071
0.218063
0.218054
0.218046
0.218037
0.218028
0.218019
0.218011
0.218002
0.217993
0.217985
0.217976
0.217968
0.21796
0.217952
0.217945
0.217938
0.217931
0.217924
0.217918
0.217912
0.217907
0.217902
0.217897
0.217893
0.21789
0.217887
0.217884
0.217882
0.21788
0.217879
0.217879
0.217885
0.217885
0.217886
0.217888
0.21789
0.217892
0.217896
0.217899
0.217903
0.217908
0.217913
0.217919
0.217924
0.217931
0.217937
0.217944
0.217952
0.217959
0.217967
0.217976
0.217984
0.217992
0.218001
0.21801
0.218019
0.218028
0.218037
0.218046
0.218054
0.218063
0.218072
0.21808
0.218088
0.218096
0.218104
0.218111
0.218119
0.218125
0.218132
0.218137
0.218143
0.218148
0.218152
0.218156
0.21816
0.218163
0.218165
0.218167
0.218168
0.218168
0.218168
0.218168
0.218167
0.218165
0.218163
0.21816
0.218156
0.218152
0.218148
0.218143
0.218137
0.218132
0.218125
0.218119
0.218111
0.218104
0.218096
0.218088
0.21808
0.218072
0.218063
0.218054
0.218046
0.218037
0.218028
0.218019
0.21801
0.218001
0.217992
0.217984
0.217976
0.217967
0.217959
0.217952
0.217944
0.217937
0.217931
0.217924
0.217919
0.217913
0.217908
0.217903
0.217899
0.217896
0.217892
0.21789
0.217888
0.217886
0.217885
0.217885
0.217891
0.217891
0.217892
0.217894
0.217896
0.217899
0.217902
0.217906
0.21791
0.217915
0.21792
0.217925
0.217931
0.217938
0.217944
0.217952
0.217959
0.217967
0.217975
0.217983
0.217992
0.218
0.218009
0.218018
0.218027
0.218036
0.218046
0.218055
0.218064
0.218073
0.218081
0.21809
0.218098
0.218106
0.218114
0.218122
0.218129
0.218136
0.218142
0.218148
0.218154
0.218159
0.218164
0.218168
0.218171
0.218174
0.218176
0.218178
0.218179
0.21818
0.21818
0.218179
0.218178
0.218176
0.218174
0.218171
0.218168
0.218164
0.218159
0.218154
0.218148
0.218142
0.218136
0.218129
0.218122
0.218114
0.218106
0.218098
0.21809
0.218081
0.218073
0.218064
0.218055
0.218046
0.218036
0.218027
0.218018
0.218009
0.218
0.217992
0.217983
0.217975
0.217967
0.217959
0.217952
0.217944
0.217938
0.217931
0.217925
0.21792
0.217915
0.21791
0.217906
0.217902
0.217899
0.217896
0.217894
0.217892
0.217891
0.217891
0.217897
0.217897
0.217899
0.2179
0.217902
0.217905
0.217908
0.217912
0.217917
0.217921
0.217927
0.217932
0.217938
0.217945
0.217952
0.217959
0.217967
0.217975
0.217983
0.217991
0.218
0.218009
0.218018
0.218027
0.218036
0.218046
0.218055
0.218064
0.218073
0.218082
0.218091
0.2181
0.218109
0.218117
0.218125
0.218133
0.21814
0.218147
0.218154
0.21816
0.218166
0.218171
0.218175
0.21818
0.218183
0.218186
0.218189
0.21819
0.218192
0.218192
0.218192
0.218192
0.21819
0.218189
0.218186
0.218183
0.21818
0.218175
0.218171
0.218166
0.21816
0.218154
0.218147
0.21814
0.218133
0.218125
0.218117
0.218109
0.2181
0.218091
0.218082
0.218073
0.218064
0.218055
0.218046
0.218036
0.218027
0.218018
0.218009
0.218
0.217991
0.217983
0.217975
0.217967
0.217959
0.217952
0.217945
0.217938
0.217932
0.217927
0.217921
0.217917
0.217912
0.217908
0.217905
0.217902
0.2179
0.217899
0.217897
0.217897
0.217904
0.217904
0.217905
0.217907
0.217909
0.217912
0.217915
0.217919
0.217923
0.217928
0.217934
0.217939
0.217946
0.217952
0.217959
0.217967
0.217975
0.217983
0.217991
0.218
0.218009
0.218018
0.218027
0.218036
0.218046
0.218055
0.218065
0.218074
0.218084
0.218093
0.218102
0.218111
0.21812
0.218128
0.218136
0.218144
0.218152
0.218159
0.218166
0.218172
0.218178
0.218183
0.218188
0.218189
0.218193
0.218196
0.218198
0.2182
0.218201
0.218202
0.218202
0.218201
0.2182
0.218198
0.218196
0.218193
0.218189
0.218188
0.218183
0.218178
0.218172
0.218166
0.218159
0.218152
0.218144
0.218136
0.218128
0.21812
0.218111
0.218102
0.218093
0.218084
0.218074
0.218065
0.218055
0.218046
0.218036
0.218027
0.218018
0.218009
0.218
0.217991
0.217983
0.217975
0.217967
0.217959
0.217952
0.217946
0.217939
0.217934
0.217928
0.217923
0.217919
0.217915
0.217912
0.217909
0.217907
0.217905
0.217904
0.217904
0.21791
0.217911
0.217912
0.217914
0.217916
0.217919
0.217922
0.217926
0.217931
0.217936
0.217941
0.217947
0.217953
0.21796
0.217967
0.217975
0.217983
0.217991
0.218
0.218009
0.218018
0.218027
0.218036
0.218046
0.218055
0.218065
0.218075
0.218084
0.218094
0.218104
0.218113
0.218122
0.218131
0.21814
0.218148
0.218156
0.218164
0.218171
0.218178
0.218181
0.218187
0.218193
0.218198
0.218202
0.218206
0.218209
0.218211
0.218213
0.218215
0.218215
0.218215
0.218215
0.218213
0.218211
0.218209
0.218206
0.218202
0.218198
0.218193
0.218187
0.218181
0.218178
0.218171
0.218164
0.218156
0.218148
0.21814
0.218131
0.218122
0.218113
0.218104
0.218094
0.218084
0.218075
0.218065
0.218055
0.218046
0.218036
0.218027
0.218018
0.218009
0.218
0.217991
0.217983
0.217975
0.217967
0.21796
0.217953
0.217947
0.217941
0.217936
0.217931
0.217926
0.217922
0.217919
0.217916
0.217914
0.217912
0.217911
0.21791
0.217917
0.217918
0.217919
0.217921
0.217923
0.217926
0.21793
0.217934
0.217938
0.217943
0.217949
0.217955
0.217961
0.217968
0.217976
0.217983
0.217991
0.218
0.218009
0.218018
0.218027
0.218036
0.218046
0.218056
0.218065
0.218075
0.218085
0.218095
0.218105
0.218115
0.218124
0.218134
0.218143
0.218152
0.21816
0.218168
0.218176
0.218181
0.218188
0.218194
0.2182
0.218206
0.218211
0.218215
0.218219
0.218222
0.218225
0.218227
0.218228
0.218229
0.218229
0.218228
0.218227
0.218225
0.218222
0.218219
0.218215
0.218211
0.218206
0.2182
0.218194
0.218188
0.218181
0.218176
0.218168
0.21816
0.218152
0.218143
0.218134
0.218124
0.218115
0.218105
0.218095
0.218085
0.218075
0.218065
0.218056
0.218046
0.218036
0.218027
0.218018
0.218009
0.218
0.217991
0.217983
0.217976
0.217968
0.217961
0.217955
0.217949
0.217943
0.217938
0.217934
0.21793
0.217926
0.217923
0.217921
0.217919
0.217918
0.217917
0.217925
0.217925
0.217926
0.217928
0.217931
0.217933
0.217937
0.217941
0.217946
0.217951
0.217957
0.217963
0.217969
0.217976
0.217984
0.217992
0.218
0.218009
0.218018
0.218027
0.218036
0.218046
0.218056
0.218066
0.218076
0.218086
0.218096
0.218106
0.218116
0.218126
0.218136
0.218145
0.218155
0.218164
0.21817
0.218178
0.218186
0.218194
0.218201
0.218208
0.218214
0.218219
0.218225
0.218229
0.218233
0.218236
0.218239
0.218241
0.218242
0.218243
0.218243
0.218242
0.218241
0.218239
0.218236
0.218233
0.218229
0.218225
0.218219
0.218214
0.218208
0.218201
0.218194
0.218186
0.218178
0.21817
0.218164
0.218155
0.218145
0.218136
0.218126
0.218116
0.218106
0.218096
0.218086
0.218076
0.218066
0.218056
0.218046
0.218036
0.218027
0.218018
0.218009
0.218
0.217992
0.217984
0.217976
0.217969
0.217963
0.217957
0.217951
0.217946
0.217941
0.217937
0.217933
0.217931
0.217928
0.217926
0.217925
0.217925
0.217932
0.217932
0.217934
0.217936
0.217938
0.217941
0.217945
0.217949
0.217953
0.217959
0.217964
0.217971
0.217978
0.217985
0.217992
0.218
0.218009
0.218018
0.218027
0.218036
0.218046
0.218056
0.218066
0.218076
0.218086
0.218097
0.218107
0.218117
0.218127
0.218138
0.218148
0.218157
0.218167
0.218173
0.218182
0.218191
0.218199
0.218207
0.218214
0.218221
0.218227
0.218233
0.218238
0.218243
0.218247
0.21825
0.218253
0.218255
0.218257
0.218257
0.218257
0.218257
0.218255
0.218253
0.21825
0.218247
0.218243
0.218238
0.218233
0.218227
0.218221
0.218214
0.218207
0.218199
0.218191
0.218182
0.218173
0.218167
0.218157
0.218148
0.218138
0.218127
0.218117
0.218107
0.218097
0.218086
0.218076
0.218066
0.218056
0.218046
0.218036
0.218027
0.218018
0.218009
0.218
0.217992
0.217985
0.217978
0.217971
0.217964
0.217959
0.217953
0.217949
0.217945
0.217941
0.217938
0.217936
0.217934
0.217932
0.217932
0.217939
0.21794
0.217941
0.217943
0.217946
0.217949
0.217952
0.217957
0.217961
0.217967
0.217973
0.217979
0.217986
0.217993
0.218001
0.218009
0.218018
0.218027
0.218036
0.218046
0.218056
0.218066
0.218076
0.218086
0.218097
0.218107
0.218118
0.218129
0.218139
0.218149
0.21816
0.218167
0.218176
0.218186
0.218195
0.218204
0.218212
0.21822
0.218228
0.218235
0.218241
0.218247
0.218253
0.218257
0.218261
0.218265
0.218268
0.21827
0.218271
0.218272
0.218272
0.218271
0.21827
0.218268
0.218265
0.218261
0.218257
0.218253
0.218247
0.218241
0.218235
0.218228
0.21822
0.218212
0.218204
0.218195
0.218186
0.218176
0.218167
0.21816
0.218149
0.218139
0.218129
0.218118
0.218107
0.218097
0.218086
0.218076
0.218066
0.218056
0.218046
0.218036
0.218027
0.218018
0.218009
0.218001
0.217993
0.217986
0.217979
0.217973
0.217967
0.217961
0.217957
0.217952
0.217949
0.217946
0.217943
0.217941
0.21794
0.217939
0.217947
0.217948
0.217949
0.217951
0.217953
0.217956
0.21796
0.217964
0.217969
0.217975
0.217981
0.217987
0.217994
0.218002
0.21801
0.218018
0.218027
0.218036
0.218046
0.218056
0.218066
0.218076
0.218086
0.218097
0.218108
0.218119
0.218129
0.21814
0.218151
0.218161
0.218169
0.218179
0.218189
0.218199
0.218208
0.218217
0.218226
0.218234
0.218242
0.218249
0.218255
0.218261
0.218267
0.218272
0.218276
0.218279
0.218282
0.218284
0.218286
0.218286
0.218286
0.218286
0.218284
0.218282
0.218279
0.218276
0.218272
0.218267
0.218261
0.218255
0.218249
0.218242
0.218234
0.218226
0.218217
0.218208
0.218199
0.218189
0.218179
0.218169
0.218161
0.218151
0.21814
0.218129
0.218119
0.218108
0.218097
0.218086
0.218076
0.218066
0.218056
0.218046
0.218036
0.218027
0.218018
0.21801
0.218002
0.217994
0.217987
0.217981
0.217975
0.217969
0.217964
0.21796
0.217956
0.217953
0.217951
0.217949
0.217948
0.217947
0.217954
0.217955
0.217956
0.217958
0.217961
0.217964
0.217968
0.217972
0.217977
0.217983
0.217989
0.217996
0.218003
0.218011
0.218019
0.218027
0.218036
0.218046
0.218055
0.218065
0.218076
0.218086
0.218097
0.218108
0.218119
0.21813
0.218141
0.218152
0.218163
0.218171
0.218181
0.218192
0.218202
0.218212
0.218221
0.218231
0.218239
0.218248
0.218256
0.218263
0.21827
0.218276
0.218281
0.218286
0.218291
0.218294
0.218297
0.218299
0.218301
0.218301
0.218301
0.218301
0.218299
0.218297
0.218294
0.218291
0.218286
0.218281
0.218276
0.21827
0.218263
0.218256
0.218248
0.218239
0.218231
0.218221
0.218212
0.218202
0.218192
0.218181
0.218171
0.218163
0.218152
0.218141
0.21813
0.218119
0.218108
0.218097
0.218086
0.218076
0.218065
0.218055
0.218046
0.218036
0.218027
0.218019
0.218011
0.218003
0.217996
0.217989
0.217983
0.217977
0.217972
0.217968
0.217964
0.217961
0.217958
0.217956
0.217955
0.217954
0.217962
0.217963
0.217964
0.217966
0.217969
0.217972
0.217976
0.21798
0.217985
0.217991
0.217997
0.218004
0.218012
0.218019
0.218028
0.218036
0.218046
0.218055
0.218065
0.218075
0.218086
0.218097
0.218107
0.218119
0.21813
0.218141
0.218152
0.218161
0.218172
0.218183
0.218194
0.218204
0.218215
0.218225
0.218235
0.218244
0.218253
0.218262
0.21827
0.218277
0.218284
0.21829
0.218296
0.218301
0.218305
0.218309
0.218312
0.218314
0.218315
0.218316
0.218316
0.218315
0.218314
0.218312
0.218309
0.218305
0.218301
0.218296
0.21829
0.218284
0.218277
0.21827
0.218262
0.218253
0.218244
0.218235
0.218225
0.218215
0.218204
0.218194
0.218183
0.218172
0.218161
0.218152
0.218141
0.21813
0.218119
0.218107
0.218097
0.218086
0.218075
0.218065
0.218055
0.218046
0.218036
0.218028
0.218019
0.218012
0.218004
0.217997
0.217991
0.217985
0.21798
0.217976
0.217972
0.217969
0.217966
0.217964
0.217963
0.217962
0.21797
0.21797
0.217972
0.217974
0.217976
0.21798
0.217984
0.217988
0.217994
0.217999
0.218006
0.218013
0.21802
0.218028
0.218037
0.218046
0.218055
0.218065
0.218075
0.218085
0.218096
0.218107
0.218118
0.218129
0.218141
0.218152
0.218161
0.218172
0.218184
0.218195
0.218206
0.218217
0.218228
0.218238
0.218248
0.218258
0.218267
0.218275
0.218284
0.218291
0.218298
0.218305
0.21831
0.218315
0.21832
0.218324
0.218327
0.218329
0.21833
0.218331
0.218331
0.21833
0.218329
0.218327
0.218324
0.21832
0.218315
0.21831
0.218305
0.218298
0.218291
0.218284
0.218275
0.218267
0.218258
0.218248
0.218238
0.218228
0.218217
0.218206
0.218195
0.218184
0.218172
0.218161
0.218152
0.218141
0.218129
0.218118
0.218107
0.218096
0.218085
0.218075
0.218065
0.218055
0.218046
0.218037
0.218028
0.21802
0.218013
0.218006
0.217999
0.217994
0.217988
0.217984
0.21798
0.217976
0.217974
0.217972
0.21797
0.21797
0.217977
0.217978
0.217979
0.217981
0.217984
0.217988
0.217992
0.217996
0.218002
0.218007
0.218014
0.218021
0.218029
0.218037
0.218046
0.218055
0.218064
0.218074
0.218084
0.218095
0.218106
0.218117
0.218129
0.21814
0.218152
0.218161
0.218172
0.218184
0.218196
0.218207
0.218219
0.21823
0.218241
0.218251
0.218261
0.218271
0.21828
0.218289
0.218298
0.218305
0.218312
0.218319
0.218325
0.21833
0.218334
0.218338
0.218341
0.218344
0.218345
0.218346
0.218346
0.218345
0.218344
0.218341
0.218338
0.218334
0.21833
0.218325
0.218319
0.218312
0.218305
0.218298
0.218289
0.21828
0.218271
0.218261
0.218251
0.218241
0.21823
0.218219
0.218207
0.218196
0.218184
0.218172
0.218161
0.218152
0.21814
0.218129
0.218117
0.218106
0.218095
0.218084
0.218074
0.218064
0.218055
0.218046
0.218037
0.218029
0.218021
0.218014
0.218007
0.218002
0.217996
0.217992
0.217988
0.217984
0.217981
0.217979
0.217978
0.217977
0.217985
0.217986
0.217987
0.217989
0.217992
0.217995
0.217999
0.218004
0.21801
0.218016
0.218022
0.218029
0.218037
0.218046
0.218054
0.218064
0.218073
0.218084
0.218094
0.218105
0.218116
0.218127
0.218139
0.218151
0.218163
0.218172
0.218184
0.218196
0.218208
0.218219
0.218231
0.218242
0.218253
0.218264
0.218274
0.218284
0.218294
0.218303
0.218311
0.218319
0.218326
0.218333
0.218339
0.218344
0.218349
0.218353
0.218356
0.218358
0.21836
0.218361
0.218361
0.21836
0.218358
0.218356
0.218353
0.218349
0.218344
0.218339
0.218333
0.218326
0.218319
0.218311
0.218303
0.218294
0.218284
0.218274
0.218264
0.218253
0.218242
0.218231
0.218219
0.218208
0.218196
0.218184
0.218172
0.218163
0.218151
0.218139
0.218127
0.218116
0.218105
0.218094
0.218084
0.218073
0.218064
0.218054
0.218046
0.218037
0.218029
0.218022
0.218016
0.21801
0.218004
0.217999
0.217995
0.217992
0.217989
0.217987
0.217986
0.217985
0.217992
0.217993
0.217994
0.217997
0.217999
0.218003
0.218007
0.218012
0.218017
0.218024
0.21803
0.218038
0.218046
0.218054
0.218063
0.218073
0.218082
0.218093
0.218104
0.218115
0.218126
0.218138
0.218149
0.218161
0.218171
0.218183
0.218195
0.218207
0.218219
0.218231
0.218243
0.218255
0.218266
0.218277
0.218287
0.218298
0.218307
0.218316
0.218325
0.218333
0.21834
0.218347
0.218353
0.218359
0.218363
0.218367
0.21837
0.218373
0.218374
0.218375
0.218375
0.218374
0.218373
0.21837
0.218367
0.218363
0.218359
0.218353
0.218347
0.21834
0.218333
0.218325
0.218316
0.218307
0.218298
0.218287
0.218277
0.218266
0.218255
0.218243
0.218231
0.218219
0.218207
0.218195
0.218183
0.218171
0.218161
0.218149
0.218138
0.218126
0.218115
0.218104
0.218093
0.218082
0.218073
0.218063
0.218054
0.218046
0.218038
0.21803
0.218024
0.218017
0.218012
0.218007
0.218003
0.217999
0.217997
0.217994
0.217993
0.217992
0.218
0.218
0.218002
0.218004
0.218007
0.21801
0.218015
0.21802
0.218025
0.218031
0.218038
0.218046
0.218054
0.218063
0.218072
0.218081
0.218091
0.218102
0.218113
0.218124
0.218136
0.218148
0.21816
0.218169
0.218181
0.218194
0.218206
0.218219
0.218231
0.218243
0.218255
0.218267
0.218278
0.218289
0.2183
0.21831
0.21832
0.21833
0.218338
0.218347
0.218354
0.218361
0.218367
0.218373
0.218377
0.218381
0.218384
0.218387
0.218388
0.218389
0.218389
0.218388
0.218387
0.218384
0.218381
0.218377
0.218373
0.218367
0.218361
0.218354
0.218347
0.218338
0.21833
0.21832
0.21831
0.2183
0.218289
0.218278
0.218267
0.218255
0.218243
0.218231
0.218219
0.218206
0.218194
0.218181
0.218169
0.21816
0.218148
0.218136
0.218124
0.218113
0.218102
0.218091
0.218081
0.218072
0.218063
0.218054
0.218046
0.218038
0.218031
0.218025
0.21802
0.218015
0.21801
0.218007
0.218004
0.218002
0.218
0.218
0.218007
0.218007
0.218009
0.218011
0.218014
0.218018
0.218022
0.218027
0.218033
0.218039
0.218046
0.218054
0.218062
0.218071
0.21808
0.21809
0.2181
0.218111
0.218122
0.218134
0.218145
0.218157
0.218167
0.218179
0.218192
0.218204
0.218217
0.21823
0.218242
0.218255
0.218267
0.218279
0.21829
0.218302
0.218313
0.218323
0.218333
0.218343
0.218351
0.21836
0.218367
0.218374
0.218381
0.218386
0.218391
0.218395
0.218398
0.2184
0.218402
0.218403
0.218403
0.218402
0.2184
0.218398
0.218395
0.218391
0.218386
0.218381
0.218374
0.218367
0.21836
0.218351
0.218343
0.218333
0.218323
0.218313
0.218302
0.21829
0.218279
0.218267
0.218255
0.218242
0.21823
0.218217
0.218204
0.218192
0.218179
0.218167
0.218157
0.218145
0.218134
0.218122
0.218111
0.2181
0.21809
0.21808
0.218071
0.218062
0.218054
0.218046
0.218039
0.218033
0.218027
0.218022
0.218018
0.218014
0.218011
0.218009
0.218007
0.218007
0.218014
0.218014
0.218016
0.218018
0.218021
0.218025
0.218029
0.218034
0.21804
0.218047
0.218054
0.218062
0.21807
0.218079
0.218088
0.218098
0.218109
0.21812
0.218131
0.218143
0.218155
0.218167
0.218176
0.218189
0.218202
0.218215
0.218228
0.218241
0.218253
0.218266
0.218278
0.21829
0.218302
0.218314
0.218325
0.218336
0.218346
0.218355
0.218364
0.218373
0.21838
0.218387
0.218394
0.218399
0.218404
0.218408
0.218411
0.218414
0.218415
0.218416
0.218416
0.218415
0.218414
0.218411
0.218408
0.218404
0.218399
0.218394
0.218387
0.21838
0.218373
0.218364
0.218355
0.218346
0.218336
0.218325
0.218314
0.218302
0.21829
0.218278
0.218266
0.218253
0.218241
0.218228
0.218215
0.218202
0.218189
0.218176
0.218167
0.218155
0.218143
0.218131
0.21812
0.218109
0.218098
0.218088
0.218079
0.21807
0.218062
0.218054
0.218047
0.21804
0.218034
0.218029
0.218025
0.218021
0.218018
0.218016
0.218014
0.218014
0.21802
0.218021
0.218023
0.218025
0.218028
0.218032
0.218036
0.218042
0.218047
0.218054
0.218061
0.218069
0.218078
0.218087
0.218096
0.218106
0.218117
0.218128
0.21814
0.218152
0.218164
0.218173
0.218186
0.218199
0.218212
0.218225
0.218238
0.218251
0.218264
0.218277
0.218289
0.218302
0.218314
0.218325
0.218337
0.218347
0.218358
0.218367
0.218377
0.218385
0.218393
0.2184
0.218406
0.218412
0.218417
0.218421
0.218424
0.218427
0.218428
0.218429
0.218429
0.218428
0.218427
0.218424
0.218421
0.218417
0.218412
0.218406
0.2184
0.218393
0.218385
0.218377
0.218367
0.218358
0.218347
0.218337
0.218325
0.218314
0.218302
0.218289
0.218277
0.218264
0.218251
0.218238
0.218225
0.218212
0.218199
0.218186
0.218173
0.218164
0.218152
0.21814
0.218128
0.218117
0.218106
0.218096
0.218087
0.218078
0.218069
0.218061
0.218054
0.218047
0.218042
0.218036
0.218032
0.218028
0.218025
0.218023
0.218021
0.21802
0.218027
0.218028
0.218029
0.218032
0.218035
0.218039
0.218043
0.218048
0.218054
0.218061
0.218068
0.218076
0.218085
0.218094
0.218104
0.218114
0.218125
0.218136
0.218148
0.21816
0.21817
0.218182
0.218195
0.218208
0.218221
0.218235
0.218248
0.218261
0.218274
0.218287
0.2183
0.218313
0.218325
0.218337
0.218348
0.218359
0.218369
0.218379
0.218389
0.218397
0.218405
0.218412
0.218419
0.218424
0.218429
0.218433
0.218437
0.218439
0.218441
0.218442
0.218442
0.218441
0.218439
0.218437
0.218433
0.218429
0.218424
0.218419
0.218412
0.218405
0.218397
0.218389
0.218379
0.218369
0.218359
0.218348
0.218337
0.218325
0.218313
0.2183
0.218287
0.218274
0.218261
0.218248
0.218235
0.218221
0.218208
0.218195
0.218182
0.21817
0.21816
0.218148
0.218136
0.218125
0.218114
0.218104
0.218094
0.218085
0.218076
0.218068
0.218061
0.218054
0.218048
0.218043
0.218039
0.218035
0.218032
0.218029
0.218028
0.218027
0.218033
0.218034
0.218036
0.218038
0.218041
0.218045
0.21805
0.218055
0.218061
0.218068
0.218075
0.218083
0.218092
0.218102
0.218111
0.218122
0.218133
0.218144
0.218156
0.218168
0.218178
0.218191
0.218204
0.218217
0.218231
0.218244
0.218258
0.218271
0.218284
0.218298
0.21831
0.218323
0.218336
0.218347
0.218359
0.21837
0.218381
0.218391
0.2184
0.218408
0.218416
0.218424
0.21843
0.218436
0.218441
0.218445
0.218449
0.218451
0.218453
0.218454
0.218454
0.218453
0.218451
0.218449
0.218445
0.218441
0.218436
0.21843
0.218424
0.218416
0.218408
0.2184
0.218391
0.218381
0.21837
0.218359
0.218347
0.218336
0.218323
0.21831
0.218298
0.218284
0.218271
0.218258
0.218244
0.218231
0.218217
0.218204
0.218191
0.218178
0.218168
0.218156
0.218144
0.218133
0.218122
0.218111
0.218102
0.218092
0.218083
0.218075
0.218068
0.218061
0.218055
0.21805
0.218045
0.218041
0.218038
0.218036
0.218034
0.218033
0.218039
0.21804
0.218042
0.218044
0.218047
0.218051
0.218056
0.218061
0.218067
0.218074
0.218082
0.21809
0.218099
0.218108
0.218119
0.218129
0.21814
0.218152
0.218164
0.218176
0.218186
0.218199
0.218212
0.218226
0.218239
0.218253
0.218267
0.21828
0.218294
0.218307
0.21832
0.218333
0.218346
0.218358
0.218369
0.218381
0.218391
0.218401
0.218411
0.218419
0.218427
0.218435
0.218442
0.218447
0.218452
0.218457
0.21846
0.218463
0.218465
0.218466
0.218466
0.218465
0.218463
0.21846
0.218457
0.218452
0.218447
0.218442
0.218435
0.218427
0.218419
0.218411
0.218401
0.218391
0.218381
0.218369
0.218358
0.218346
0.218333
0.21832
0.218307
0.218294
0.21828
0.218267
0.218253
0.218239
0.218226
0.218212
0.218199
0.218186
0.218176
0.218164
0.218152
0.21814
0.218129
0.218119
0.218108
0.218099
0.21809
0.218082
0.218074
0.218067
0.218061
0.218056
0.218051
0.218047
0.218044
0.218042
0.21804
0.218039
0.218045
0.218046
0.218047
0.21805
0.218053
0.218057
0.218062
0.218067
0.218073
0.21808
0.218088
0.218096
0.218105
0.218115
0.218125
0.218136
0.218147
0.218159
0.218171
0.218181
0.218194
0.218207
0.21822
0.218234
0.218248
0.218262
0.218275
0.218289
0.218303
0.218316
0.21833
0.218343
0.218355
0.218367
0.218379
0.218391
0.218401
0.218411
0.218421
0.21843
0.218438
0.218445
0.218452
0.218458
0.218463
0.218468
0.218471
0.218474
0.218476
0.218476
0.218476
0.218476
0.218474
0.218471
0.218468
0.218463
0.218458
0.218452
0.218445
0.218438
0.21843
0.218421
0.218411
0.218401
0.218391
0.218379
0.218367
0.218355
0.218343
0.21833
0.218316
0.218303
0.218289
0.218275
0.218262
0.218248
0.218234
0.21822
0.218207
0.218194
0.218181
0.218171
0.218159
0.218147
0.218136
0.218125
0.218115
0.218105
0.218096
0.218088
0.21808
0.218073
0.218067
0.218062
0.218057
0.218053
0.21805
0.218047
0.218046
0.218045
0.21805
0.218051
0.218053
0.218055
0.218058
0.218062
0.218067
0.218073
0.218079
0.218086
0.218094
0.218102
0.218111
0.218121
0.218132
0.218142
0.218154
0.218166
0.218178
0.218188
0.218201
0.218214
0.218228
0.218242
0.218256
0.21827
0.218284
0.218298
0.218311
0.218325
0.218338
0.218351
0.218364
0.218377
0.218389
0.2184
0.218411
0.218421
0.21843
0.218439
0.218448
0.218455
0.218462
0.218468
0.218473
0.218478
0.218481
0.218484
0.218486
0.218487
0.218487
0.218486
0.218484
0.218481
0.218478
0.218473
0.218468
0.218462
0.218455
0.218448
0.218439
0.21843
0.218421
0.218411
0.2184
0.218389
0.218377
0.218364
0.218351
0.218338
0.218325
0.218311
0.218298
0.218284
0.21827
0.218256
0.218242
0.218228
0.218214
0.218201
0.218188
0.218178
0.218166
0.218154
0.218142
0.218132
0.218121
0.218111
0.218102
0.218094
0.218086
0.218079
0.218073
0.218067
0.218062
0.218058
0.218055
0.218053
0.218051
0.21805
0.218055
0.218056
0.218058
0.21806
0.218063
0.218068
0.218072
0.218078
0.218084
0.218092
0.218099
0.218108
0.218117
0.218127
0.218137
0.218148
0.21816
0.218172
0.218181
0.218194
0.218208
0.218221
0.218235
0.218249
0.218263
0.218277
0.218291
0.218305
0.218319
0.218333
0.218347
0.21836
0.218373
0.218385
0.218397
0.218408
0.218419
0.21843
0.218439
0.218448
0.218457
0.218465
0.218472
0.218478
0.218483
0.218487
0.218491
0.218493
0.218495
0.218496
0.218496
0.218495
0.218493
0.218491
0.218487
0.218483
0.218478
0.218472
0.218465
0.218457
0.218448
0.218439
0.21843
0.218419
0.218408
0.218397
0.218385
0.218373
0.21836
0.218347
0.218333
0.218319
0.218305
0.218291
0.218277
0.218263
0.218249
0.218235
0.218221
0.218208
0.218194
0.218181
0.218172
0.21816
0.218148
0.218137
0.218127
0.218117
0.218108
0.218099
0.218092
0.218084
0.218078
0.218072
0.218068
0.218063
0.21806
0.218058
0.218056
0.218055
0.21806
0.218061
0.218062
0.218065
0.218068
0.218072
0.218077
0.218083
0.218089
0.218096
0.218104
0.218113
0.218122
0.218132
0.218143
0.218154
0.218166
0.218178
0.218187
0.2182
0.218214
0.218227
0.218241
0.218255
0.21827
0.218284
0.218298
0.218312
0.218326
0.21834
0.218354
0.218367
0.21838
0.218393
0.218405
0.218416
0.218427
0.218438
0.218448
0.218457
0.218466
0.218473
0.21848
0.218486
0.218491
0.218496
0.218499
0.218502
0.218504
0.218505
0.218505
0.218504
0.218502
0.218499
0.218496
0.218491
0.218486
0.21848
0.218473
0.218466
0.218457
0.218448
0.218438
0.218427
0.218416
0.218405
0.218393
0.21838
0.218367
0.218354
0.21834
0.218326
0.218312
0.218298
0.218284
0.21827
0.218255
0.218241
0.218227
0.218214
0.2182
0.218187
0.218178
0.218166
0.218154
0.218143
0.218132
0.218122
0.218113
0.218104
0.218096
0.218089
0.218083
0.218077
0.218072
0.218068
0.218065
0.218062
0.218061
0.21806
0.218064
0.218065
0.218067
0.218069
0.218072
0.218077
0.218081
0.218087
0.218094
0.218101
0.218109
0.218118
0.218127
0.218137
0.218148
0.218159
0.218171
0.218183
0.218193
0.218206
0.218219
0.218233
0.218247
0.218261
0.218276
0.21829
0.218305
0.218319
0.218333
0.218347
0.218361
0.218374
0.218387
0.2184
0.218412
0.218424
0.218435
0.218445
0.218455
0.218465
0.218473
0.218481
0.218488
0.218494
0.218499
0.218504
0.218507
0.21851
0.218512
0.218512
0.218512
0.218512
0.21851
0.218507
0.218504
0.218499
0.218494
0.218488
0.218481
0.218473
0.218465
0.218455
0.218445
0.218435
0.218424
0.218412
0.2184
0.218387
0.218374
0.218361
0.218347
0.218333
0.218319
0.218305
0.21829
0.218276
0.218261
0.218247
0.218233
0.218219
0.218206
0.218193
0.218183
0.218171
0.218159
0.218148
0.218137
0.218127
0.218118
0.218109
0.218101
0.218094
0.218087
0.218081
0.218077
0.218072
0.218069
0.218067
0.218065
0.218064
0.218068
0.218069
0.21807
0.218073
0.218076
0.21808
0.218085
0.218091
0.218098
0.218105
0.218113
0.218122
0.218131
0.218142
0.218152
0.218164
0.218175
0.218188
0.218198
0.218211
0.218225
0.218238
0.218253
0.218267
0.218281
0.218296
0.21831
0.218325
0.218339
0.218353
0.218367
0.218381
0.218394
0.218406
0.218419
0.21843
0.218442
0.218452
0.218462
0.218472
0.21848
0.218488
0.218495
0.218501
0.218506
0.218511
0.218514
0.218517
0.218519
0.21852
0.21852
0.218519
0.218517
0.218514
0.218511
0.218506
0.218501
0.218495
0.218488
0.21848
0.218472
0.218462
0.218452
0.218442
0.21843
0.218419
0.218406
0.218394
0.218381
0.218367
0.218353
0.218339
0.218325
0.21831
0.218296
0.218281
0.218267
0.218253
0.218238
0.218225
0.218211
0.218198
0.218188
0.218175
0.218164
0.218152
0.218142
0.218131
0.218122
0.218113
0.218105
0.218098
0.218091
0.218085
0.21808
0.218076
0.218073
0.21807
0.218069
0.218068
0.218071
0.218072
0.218074
0.218076
0.21808
0.218084
0.218089
0.218095
0.218101
0.218109
0.218117
0.218126
0.218135
0.218145
0.218156
0.218168
0.21818
0.218189
0.218202
0.218215
0.218229
0.218243
0.218257
0.218272
0.218286
0.218301
0.218315
0.21833
0.218344
0.218359
0.218373
0.218386
0.218399
0.218412
0.218424
0.218436
0.218447
0.218458
0.218468
0.218478
0.218486
0.218494
0.218501
0.218507
0.218512
0.218517
0.21852
0.218523
0.218525
0.218526
0.218526
0.218525
0.218523
0.21852
0.218517
0.218512
0.218507
0.218501
0.218494
0.218486
0.218478
0.218468
0.218458
0.218447
0.218436
0.218424
0.218412
0.218399
0.218386
0.218373
0.218359
0.218344
0.21833
0.218315
0.218301
0.218286
0.218272
0.218257
0.218243
0.218229
0.218215
0.218202
0.218189
0.21818
0.218168
0.218156
0.218145
0.218135
0.218126
0.218117
0.218109
0.218101
0.218095
0.218089
0.218084
0.21808
0.218076
0.218074
0.218072
0.218071
0.218074
0.218075
0.218077
0.218079
0.218083
0.218087
0.218092
0.218098
0.218104
0.218112
0.21812
0.218129
0.218138
0.218149
0.21816
0.218171
0.218183
0.218193
0.218206
0.218219
0.218233
0.218247
0.218261
0.218276
0.218291
0.218305
0.21832
0.218334
0.218349
0.218363
0.218377
0.218391
0.218404
0.218417
0.218429
0.218441
0.218452
0.218463
0.218473
0.218483
0.218491
0.218499
0.218506
0.218512
0.218518
0.218522
0.218526
0.218528
0.21853
0.218531
0.218531
0.21853
0.218528
0.218526
0.218522
0.218518
0.218512
0.218506
0.218499
0.218491
0.218483
0.218473
0.218463
0.218452
0.218441
0.218429
0.218417
0.218404
0.218391
0.218377
0.218363
0.218349
0.218334
0.21832
0.218305
0.218291
0.218276
0.218261
0.218247
0.218233
0.218219
0.218206
0.218193
0.218183
0.218171
0.21816
0.218149
0.218138
0.218129
0.21812
0.218112
0.218104
0.218098
0.218092
0.218087
0.218083
0.218079
0.218077
0.218075
0.218074
0.218076
0.218077
0.218079
0.218082
0.218085
0.218089
0.218094
0.2181
0.218107
0.218114
0.218123
0.218132
0.218141
0.218152
0.218163
0.218174
0.218186
0.218196
0.218209
0.218222
0.218236
0.21825
0.218265
0.218279
0.218294
0.218309
0.218324
0.218338
0.218353
0.218367
0.218381
0.218395
0.218408
0.218421
0.218433
0.218445
0.218457
0.218468
0.218478
0.218487
0.218496
0.218504
0.218511
0.218517
0.218522
0.218527
0.21853
0.218533
0.218535
0.218536
0.218536
0.218535
0.218533
0.21853
0.218527
0.218522
0.218517
0.218511
0.218504
0.218496
0.218487
0.218478
0.218468
0.218457
0.218445
0.218433
0.218421
0.218408
0.218395
0.218381
0.218367
0.218353
0.218338
0.218324
0.218309
0.218294
0.218279
0.218265
0.21825
0.218236
0.218222
0.218209
0.218196
0.218186
0.218174
0.218163
0.218152
0.218141
0.218132
0.218123
0.218114
0.218107
0.2181
0.218094
0.218089
0.218085
0.218082
0.218079
0.218077
0.218076
0.218078
0.218079
0.218081
0.218084
0.218087
0.218091
0.218096
0.218102
0.218109
0.218117
0.218125
0.218134
0.218143
0.218154
0.218165
0.218176
0.218189
0.218198
0.218211
0.218225
0.218239
0.218253
0.218268
0.218282
0.218297
0.218312
0.218327
0.218341
0.218356
0.21837
0.218384
0.218398
0.218411
0.218424
0.218437
0.218449
0.21846
0.218471
0.218481
0.218491
0.218499
0.218507
0.218514
0.21852
0.218526
0.21853
0.218534
0.218537
0.218538
0.218539
0.218539
0.218538
0.218537
0.218534
0.21853
0.218526
0.21852
0.218514
0.218507
0.218499
0.218491
0.218481
0.218471
0.21846
0.218449
0.218437
0.218424
0.218411
0.218398
0.218384
0.21837
0.218356
0.218341
0.218327
0.218312
0.218297
0.218282
0.218268
0.218253
0.218239
0.218225
0.218211
0.218198
0.218189
0.218176
0.218165
0.218154
0.218143
0.218134
0.218125
0.218117
0.218109
0.218102
0.218096
0.218091
0.218087
0.218084
0.218081
0.218079
0.218078
0.21808
0.218081
0.218082
0.218085
0.218088
0.218093
0.218098
0.218104
0.218111
0.218118
0.218126
0.218135
0.218145
0.218156
0.218167
0.218178
0.21819
0.2182
0.218213
0.218227
0.218241
0.218255
0.21827
0.218284
0.218299
0.218314
0.218329
0.218344
0.218358
0.218373
0.218387
0.2184
0.218414
0.218427
0.218439
0.218451
0.218463
0.218474
0.218484
0.218493
0.218502
0.21851
0.218517
0.218523
0.218528
0.218533
0.218537
0.218539
0.218541
0.218542
0.218542
0.218541
0.218539
0.218537
0.218533
0.218528
0.218523
0.218517
0.21851
0.218502
0.218493
0.218484
0.218474
0.218463
0.218451
0.218439
0.218427
0.218414
0.2184
0.218387
0.218373
0.218358
0.218344
0.218329
0.218314
0.218299
0.218284
0.21827
0.218255
0.218241
0.218227
0.218213
0.2182
0.21819
0.218178
0.218167
0.218156
0.218145
0.218135
0.218126
0.218118
0.218111
0.218104
0.218098
0.218093
0.218088
0.218085
0.218082
0.218081
0.21808
0.218081
0.218082
0.218083
0.218086
0.218089
0.218094
0.218099
0.218105
0.218112
0.218119
0.218127
0.218137
0.218146
0.218157
0.218168
0.218179
0.218192
0.218201
0.218215
0.218228
0.218242
0.218257
0.218271
0.218286
0.218301
0.218315
0.21833
0.218345
0.21836
0.218374
0.218388
0.218402
0.218415
0.218428
0.218441
0.218453
0.218465
0.218476
0.218486
0.218495
0.218504
0.218512
0.218519
0.218525
0.21853
0.218535
0.218538
0.218541
0.218543
0.218544
0.218544
0.218543
0.218541
0.218538
0.218535
0.21853
0.218525
0.218519
0.218512
0.218504
0.218495
0.218486
0.218476
0.218465
0.218453
0.218441
0.218428
0.218415
0.218402
0.218388
0.218374
0.21836
0.218345
0.21833
0.218315
0.218301
0.218286
0.218271
0.218257
0.218242
0.218228
0.218215
0.218201
0.218192
0.218179
0.218168
0.218157
0.218146
0.218137
0.218127
0.218119
0.218112
0.218105
0.218099
0.218094
0.218089
0.218086
0.218083
0.218082
0.218081
0.218081
0.218082
0.218084
0.218087
0.21809
0.218094
0.218099
0.218105
0.218112
0.21812
0.218128
0.218137
0.218147
0.218157
0.218168
0.21818
0.218192
0.218202
0.218215
0.218229
0.218243
0.218257
0.218272
0.218286
0.218301
0.218316
0.218331
0.218346
0.218361
0.218375
0.218389
0.218403
0.218416
0.218429
0.218442
0.218454
0.218466
0.218476
0.218487
0.218496
0.218505
0.218512
0.21852
0.218526
0.218531
0.218536
0.218539
0.218542
0.218544
0.218545
0.218545
0.218544
0.218542
0.218539
0.218536
0.218531
0.218526
0.21852
0.218512
0.218505
0.218496
0.218487
0.218476
0.218466
0.218454
0.218442
0.218429
0.218416
0.218403
0.218389
0.218375
0.218361
0.218346
0.218331
0.218316
0.218301
0.218286
0.218272
0.218257
0.218243
0.218229
0.218215
0.218202
0.218192
0.21818
0.218168
0.218157
0.218147
0.218137
0.218128
0.21812
0.218112
0.218105
0.218099
0.218094
0.21809
0.218087
0.218084
0.218082
0.218081
0.218081
0.218082
0.218084
0.218087
0.21809
0.218094
0.218099
0.218105
0.218112
0.21812
0.218128
0.218137
0.218147
0.218157
0.218168
0.21818
0.218192
0.218202
0.218215
0.218229
0.218243
0.218257
0.218272
0.218286
0.218301
0.218316
0.218331
0.218346
0.218361
0.218375
0.218389
0.218403
0.218416
0.218429
0.218442
0.218454
0.218466
0.218476
0.218487
0.218496
0.218505
0.218512
0.21852
0.218526
0.218531
0.218536
0.218539
0.218542
0.218544
0.218545
0.218545
0.218544
0.218542
0.218539
0.218536
0.218531
0.218526
0.21852
0.218512
0.218505
0.218496
0.218487
0.218476
0.218466
0.218454
0.218442
0.218429
0.218416
0.218403
0.218389
0.218375
0.218361
0.218346
0.218331
0.218316
0.218301
0.218286
0.218272
0.218257
0.218243
0.218229
0.218215
0.218202
0.218192
0.21818
0.218168
0.218157
0.218147
0.218137
0.218128
0.21812
0.218112
0.218105
0.218099
0.218094
0.21809
0.218087
0.218084
0.218082
0.218081
0.218081
0.218082
0.218083
0.218086
0.218089
0.218094
0.218099
0.218105
0.218112
0.218119
0.218127
0.218137
0.218146
0.218157
0.218168
0.218179
0.218192
0.218201
0.218215
0.218228
0.218242
0.218257
0.218271
0.218286
0.218301
0.218315
0.21833
0.218345
0.21836
0.218374
0.218388
0.218402
0.218415
0.218428
0.218441
0.218453
0.218465
0.218476
0.218486
0.218495
0.218504
0.218512
0.218519
0.218525
0.21853
0.218535
0.218538
0.218541
0.218543
0.218544
0.218544
0.218543
0.218541
0.218538
0.218535
0.21853
0.218525
0.218519
0.218512
0.218504
0.218495
0.218486
0.218476
0.218465
0.218453
0.218441
0.218428
0.218415
0.218402
0.218388
0.218374
0.21836
0.218345
0.21833
0.218315
0.218301
0.218286
0.218271
0.218257
0.218242
0.218228
0.218215
0.218201
0.218192
0.218179
0.218168
0.218157
0.218146
0.218137
0.218127
0.218119
0.218112
0.218105
0.218099
0.218094
0.218089
0.218086
0.218083
0.218082
0.218081
0.21808
0.218081
0.218082
0.218085
0.218088
0.218093
0.218098
0.218104
0.218111
0.218118
0.218126
0.218135
0.218145
0.218156
0.218167
0.218178
0.21819
0.2182
0.218213
0.218227
0.218241
0.218255
0.21827
0.218284
0.218299
0.218314
0.218329
0.218344
0.218358
0.218373
0.218387
0.2184
0.218414
0.218427
0.218439
0.218451
0.218463
0.218474
0.218484
0.218493
0.218502
0.21851
0.218517
0.218523
0.218528
0.218533
0.218537
0.218539
0.218541
0.218542
0.218542
0.218541
0.218539
0.218537
0.218533
0.218528
0.218523
0.218517
0.21851
0.218502
0.218493
0.218484
0.218474
0.218463
0.218451
0.218439
0.218427
0.218414
0.2184
0.218387
0.218373
0.218358
0.218344
0.218329
0.218314
0.218299
0.218284
0.21827
0.218255
0.218241
0.218227
0.218213
0.2182
0.21819
0.218178
0.218167
0.218156
0.218145
0.218135
0.218126
0.218118
0.218111
0.218104
0.218098
0.218093
0.218088
0.218085
0.218082
0.218081
0.21808
0.218078
0.218079
0.218081
0.218084
0.218087
0.218091
0.218096
0.218102
0.218109
0.218117
0.218125
0.218134
0.218143
0.218154
0.218165
0.218176
0.218189
0.218198
0.218211
0.218225
0.218239
0.218253
0.218268
0.218282
0.218297
0.218312
0.218327
0.218341
0.218356
0.21837
0.218384
0.218398
0.218411
0.218424
0.218437
0.218449
0.21846
0.218471
0.218481
0.218491
0.218499
0.218507
0.218514
0.21852
0.218526
0.21853
0.218534
0.218537
0.218538
0.218539
0.218539
0.218538
0.218537
0.218534
0.21853
0.218526
0.21852
0.218514
0.218507
0.218499
0.218491
0.218481
0.218471
0.21846
0.218449
0.218437
0.218424
0.218411
0.218398
0.218384
0.21837
0.218356
0.218341
0.218327
0.218312
0.218297
0.218282
0.218268
0.218253
0.218239
0.218225
0.218211
0.218198
0.218189
0.218176
0.218165
0.218154
0.218143
0.218134
0.218125
0.218117
0.218109
0.218102
0.218096
0.218091
0.218087
0.218084
0.218081
0.218079
0.218078
0.218076
0.218077
0.218079
0.218082
0.218085
0.218089
0.218094
0.2181
0.218107
0.218114
0.218123
0.218132
0.218141
0.218152
0.218163
0.218174
0.218186
0.218196
0.218209
0.218222
0.218236
0.21825
0.218265
0.218279
0.218294
0.218309
0.218324
0.218338
0.218353
0.218367
0.218381
0.218395
0.218408
0.218421
0.218433
0.218445
0.218457
0.218468
0.218478
0.218487
0.218496
0.218504
0.218511
0.218517
0.218522
0.218527
0.21853
0.218533
0.218535
0.218536
0.218536
0.218535
0.218533
0.21853
0.218527
0.218522
0.218517
0.218511
0.218504
0.218496
0.218487
0.218478
0.218468
0.218457
0.218445
0.218433
0.218421
0.218408
0.218395
0.218381
0.218367
0.218353
0.218338
0.218324
0.218309
0.218294
0.218279
0.218265
0.21825
0.218236
0.218222
0.218209
0.218196
0.218186
0.218174
0.218163
0.218152
0.218141
0.218132
0.218123
0.218114
0.218107
0.2181
0.218094
0.218089
0.218085
0.218082
0.218079
0.218077
0.218076
0.218074
0.218075
0.218077
0.218079
0.218083
0.218087
0.218092
0.218098
0.218104
0.218112
0.21812
0.218129
0.218138
0.218149
0.21816
0.218171
0.218183
0.218193
0.218206
0.218219
0.218233
0.218247
0.218261
0.218276
0.218291
0.218305
0.21832
0.218334
0.218349
0.218363
0.218377
0.218391
0.218404
0.218417
0.218429
0.218441
0.218452
0.218463
0.218473
0.218483
0.218491
0.218499
0.218506
0.218512
0.218518
0.218522
0.218526
0.218528
0.21853
0.218531
0.218531
0.21853
0.218528
0.218526
0.218522
0.218518
0.218512
0.218506
0.218499
0.218491
0.218483
0.218473
0.218463
0.218452
0.218441
0.218429
0.218417
0.218404
0.218391
0.218377
0.218363
0.218349
0.218334
0.21832
0.218305
0.218291
0.218276
0.218261
0.218247
0.218233
0.218219
0.218206
0.218193
0.218183
0.218171
0.21816
0.218149
0.218138
0.218129
0.21812
0.218112
0.218104
0.218098
0.218092
0.218087
0.218083
0.218079
0.218077
0.218075
0.218074
0.218071
0.218072
0.218074
0.218076
0.21808
0.218084
0.218089
0.218095
0.218101
0.218109
0.218117
0.218126
0.218135
0.218145
0.218156
0.218168
0.21818
0.218189
0.218202
0.218215
0.218229
0.218243
0.218257
0.218272
0.218286
0.218301
0.218315
0.21833
0.218344
0.218359
0.218373
0.218386
0.218399
0.218412
0.218424
0.218436
0.218447
0.218458
0.218468
0.218478
0.218486
0.218494
0.218501
0.218507
0.218512
0.218517
0.21852
0.218523
0.218525
0.218526
0.218526
0.218525
0.218523
0.21852
0.218517
0.218512
0.218507
0.218501
0.218494
0.218486
0.218478
0.218468
0.218458
0.218447
0.218436
0.218424
0.218412
0.218399
0.218386
0.218373
0.218359
0.218344
0.21833
0.218315
0.218301
0.218286
0.218272
0.218257
0.218243
0.218229
0.218215
0.218202
0.218189
0.21818
0.218168
0.218156
0.218145
0.218135
0.218126
0.218117
0.218109
0.218101
0.218095
0.218089
0.218084
0.21808
0.218076
0.218074
0.218072
0.218071
0.218068
0.218069
0.21807
0.218073
0.218076
0.21808
0.218085
0.218091
0.218098
0.218105
0.218113
0.218122
0.218131
0.218142
0.218152
0.218164
0.218175
0.218188
0.218198
0.218211
0.218225
0.218238
0.218253
0.218267
0.218281
0.218296
0.21831
0.218325
0.218339
0.218353
0.218367
0.218381
0.218394
0.218406
0.218419
0.21843
0.218442
0.218452
0.218462
0.218472
0.21848
0.218488
0.218495
0.218501
0.218506
0.218511
0.218514
0.218517
0.218519
0.21852
0.21852
0.218519
0.218517
0.218514
0.218511
0.218506
0.218501
0.218495
0.218488
0.21848
0.218472
0.218462
0.218452
0.218442
0.21843
0.218419
0.218406
0.218394
0.218381
0.218367
0.218353
0.218339
0.218325
0.21831
0.218296
0.218281
0.218267
0.218253
0.218238
0.218225
0.218211
0.218198
0.218188
0.218175
0.218164
0.218152
0.218142
0.218131
0.218122
0.218113
0.218105
0.218098
0.218091
0.218085
0.21808
0.218076
0.218073
0.21807
0.218069
0.218068
0.218064
0.218065
0.218067
0.218069
0.218072
0.218077
0.218081
0.218087
0.218094
0.218101
0.218109
0.218118
0.218127
0.218137
0.218148
0.218159
0.218171
0.218183
0.218193
0.218206
0.218219
0.218233
0.218247
0.218261
0.218276
0.21829
0.218305
0.218319
0.218333
0.218347
0.218361
0.218374
0.218387
0.2184
0.218412
0.218424
0.218435
0.218445
0.218455
0.218465
0.218473
0.218481
0.218488
0.218494
0.218499
0.218504
0.218507
0.21851
0.218512
0.218512
0.218512
0.218512
0.21851
0.218507
0.218504
0.218499
0.218494
0.218488
0.218481
0.218473
0.218465
0.218455
0.218445
0.218435
0.218424
0.218412
0.2184
0.218387
0.218374
0.218361
0.218347
0.218333
0.218319
0.218305
0.21829
0.218276
0.218261
0.218247
0.218233
0.218219
0.218206
0.218193
0.218183
0.218171
0.218159
0.218148
0.218137
0.218127
0.218118
0.218109
0.218101
0.218094
0.218087
0.218081
0.218077
0.218072
0.218069
0.218067
0.218065
0.218064
0.21806
0.218061
0.218062
0.218065
0.218068
0.218072
0.218077
0.218083
0.218089
0.218096
0.218104
0.218113
0.218122
0.218132
0.218143
0.218154
0.218166
0.218178
0.218187
0.2182
0.218214
0.218227
0.218241
0.218255
0.21827
0.218284
0.218298
0.218312
0.218326
0.21834
0.218354
0.218367
0.21838
0.218393
0.218405
0.218416
0.218427
0.218438
0.218448
0.218457
0.218466
0.218473
0.21848
0.218486
0.218491
0.218496
0.218499
0.218502
0.218504
0.218505
0.218505
0.218504
0.218502
0.218499
0.218496
0.218491
0.218486
0.21848
0.218473
0.218466
0.218457
0.218448
0.218438
0.218427
0.218416
0.218405
0.218393
0.21838
0.218367
0.218354
0.21834
0.218326
0.218312
0.218298
0.218284
0.21827
0.218255
0.218241
0.218227
0.218214
0.2182
0.218187
0.218178
0.218166
0.218154
0.218143
0.218132
0.218122
0.218113
0.218104
0.218096
0.218089
0.218083
0.218077
0.218072
0.218068
0.218065
0.218062
0.218061
0.21806
0.218055
0.218056
0.218058
0.21806
0.218063
0.218068
0.218072
0.218078
0.218084
0.218092
0.218099
0.218108
0.218117
0.218127
0.218137
0.218148
0.21816
0.218172
0.218181
0.218194
0.218208
0.218221
0.218235
0.218249
0.218263
0.218277
0.218291
0.218305
0.218319
0.218333
0.218347
0.21836
0.218373
0.218385
0.218397
0.218408
0.218419
0.21843
0.218439
0.218448
0.218457
0.218465
0.218472
0.218478
0.218483
0.218487
0.218491
0.218493
0.218495
0.218496
0.218496
0.218495
0.218493
0.218491
0.218487
0.218483
0.218478
0.218472
0.218465
0.218457
0.218448
0.218439
0.21843
0.218419
0.218408
0.218397
0.218385
0.218373
0.21836
0.218347
0.218333
0.218319
0.218305
0.218291
0.218277
0.218263
0.218249
0.218235
0.218221
0.218208
0.218194
0.218181
0.218172
0.21816
0.218148
0.218137
0.218127
0.218117
0.218108
0.218099
0.218092
0.218084
0.218078
0.218072
0.218068
0.218063
0.21806
0.218058
0.218056
0.218055
0.21805
0.218051
0.218053
0.218055
0.218058
0.218062
0.218067
0.218073
0.218079
0.218086
0.218094
0.218102
0.218111
0.218121
0.218132
0.218142
0.218154
0.218166
0.218178
0.218188
0.218201
0.218214
0.218228
0.218242
0.218256
0.21827
0.218284
0.218298
0.218311
0.218325
0.218338
0.218351
0.218364
0.218377
0.218389
0.2184
0.218411
0.218421
0.21843
0.218439
0.218448
0.218455
0.218462
0.218468
0.218473
0.218478
0.218481
0.218484
0.218486
0.218487
0.218487
0.218486
0.218484
0.218481
0.218478
0.218473
0.218468
0.218462
0.218455
0.218448
0.218439
0.21843
0.218421
0.218411
0.2184
0.218389
0.218377
0.218364
0.218351
0.218338
0.218325
0.218311
0.218298
0.218284
0.21827
0.218256
0.218242
0.218228
0.218214
0.218201
0.218188
0.218178
0.218166
0.218154
0.218142
0.218132
0.218121
0.218111
0.218102
0.218094
0.218086
0.218079
0.218073
0.218067
0.218062
0.218058
0.218055
0.218053
0.218051
0.21805
0.218045
0.218046
0.218047
0.21805
0.218053
0.218057
0.218062
0.218067
0.218073
0.21808
0.218088
0.218096
0.218105
0.218115
0.218125
0.218136
0.218147
0.218159
0.218171
0.218181
0.218194
0.218207
0.21822
0.218234
0.218248
0.218262
0.218275
0.218289
0.218303
0.218316
0.21833
0.218343
0.218355
0.218367
0.218379
0.218391
0.218401
0.218411
0.218421
0.21843
0.218438
0.218445
0.218452
0.218458
0.218463
0.218468
0.218471
0.218474
0.218476
0.218476
0.218476
0.218476
0.218474
0.218471
0.218468
0.218463
0.218458
0.218452
0.218445
0.218438
0.21843
0.218421
0.218411
0.218401
0.218391
0.218379
0.218367
0.218355
0.218343
0.21833
0.218316
0.218303
0.218289
0.218275
0.218262
0.218248
0.218234
0.21822
0.218207
0.218194
0.218181
0.218171
0.218159
0.218147
0.218136
0.218125
0.218115
0.218105
0.218096
0.218088
0.21808
0.218073
0.218067
0.218062
0.218057
0.218053
0.21805
0.218047
0.218046
0.218045
0.218039
0.21804
0.218042
0.218044
0.218047
0.218051
0.218056
0.218061
0.218067
0.218074
0.218082
0.21809
0.218099
0.218108
0.218119
0.218129
0.21814
0.218152
0.218164
0.218176
0.218186
0.218199
0.218212
0.218226
0.218239
0.218253
0.218267
0.21828
0.218294
0.218307
0.21832
0.218333
0.218346
0.218358
0.218369
0.218381
0.218391
0.218401
0.218411
0.218419
0.218427
0.218435
0.218442
0.218447
0.218452
0.218457
0.21846
0.218463
0.218465
0.218466
0.218466
0.218465
0.218463
0.21846
0.218457
0.218452
0.218447
0.218442
0.218435
0.218427
0.218419
0.218411
0.218401
0.218391
0.218381
0.218369
0.218358
0.218346
0.218333
0.21832
0.218307
0.218294
0.21828
0.218267
0.218253
0.218239
0.218226
0.218212
0.218199
0.218186
0.218176
0.218164
0.218152
0.21814
0.218129
0.218119
0.218108
0.218099
0.21809
0.218082
0.218074
0.218067
0.218061
0.218056
0.218051
0.218047
0.218044
0.218042
0.21804
0.218039
0.218033
0.218034
0.218036
0.218038
0.218041
0.218045
0.21805
0.218055
0.218061
0.218068
0.218075
0.218083
0.218092
0.218102
0.218111
0.218122
0.218133
0.218144
0.218156
0.218168
0.218178
0.218191
0.218204
0.218217
0.218231
0.218244
0.218258
0.218271
0.218284
0.218298
0.21831
0.218323
0.218336
0.218347
0.218359
0.21837
0.218381
0.218391
0.2184
0.218408
0.218416
0.218424
0.21843
0.218436
0.218441
0.218445
0.218449
0.218451
0.218453
0.218454
0.218454
0.218453
0.218451
0.218449
0.218445
0.218441
0.218436
0.21843
0.218424
0.218416
0.218408
0.2184
0.218391
0.218381
0.21837
0.218359
0.218347
0.218336
0.218323
0.21831
0.218298
0.218284
0.218271
0.218258
0.218244
0.218231
0.218217
0.218204
0.218191
0.218178
0.218168
0.218156
0.218144
0.218133
0.218122
0.218111
0.218102
0.218092
0.218083
0.218075
0.218068
0.218061
0.218055
0.21805
0.218045
0.218041
0.218038
0.218036
0.218034
0.218033
0.218027
0.218028
0.218029
0.218032
0.218035
0.218039
0.218043
0.218048
0.218054
0.218061
0.218068
0.218076
0.218085
0.218094
0.218104
0.218114
0.218125
0.218136
0.218148
0.21816
0.21817
0.218182
0.218195
0.218208
0.218221
0.218235
0.218248
0.218261
0.218274
0.218287
0.2183
0.218313
0.218325
0.218337
0.218348
0.218359
0.218369
0.218379
0.218389
0.218397
0.218405
0.218412
0.218419
0.218424
0.218429
0.218433
0.218437
0.218439
0.218441
0.218442
0.218442
0.218441
0.218439
0.218437
0.218433
0.218429
0.218424
0.218419
0.218412
0.218405
0.218397
0.218389
0.218379
0.218369
0.218359
0.218348
0.218337
0.218325
0.218313
0.2183
0.218287
0.218274
0.218261
0.218248
0.218235
0.218221
0.218208
0.218195
0.218182
0.21817
0.21816
0.218148
0.218136
0.218125
0.218114
0.218104
0.218094
0.218085
0.218076
0.218068
0.218061
0.218054
0.218048
0.218043
0.218039
0.218035
0.218032
0.218029
0.218028
0.218027
0.21802
0.218021
0.218023
0.218025
0.218028
0.218032
0.218036
0.218042
0.218047
0.218054
0.218061
0.218069
0.218078
0.218087
0.218096
0.218106
0.218117
0.218128
0.21814
0.218152
0.218164
0.218173
0.218186
0.218199
0.218212
0.218225
0.218238
0.218251
0.218264
0.218277
0.218289
0.218302
0.218314
0.218325
0.218337
0.218347
0.218358
0.218367
0.218377
0.218385
0.218393
0.2184
0.218406
0.218412
0.218417
0.218421
0.218424
0.218427
0.218428
0.218429
0.218429
0.218428
0.218427
0.218424
0.218421
0.218417
0.218412
0.218406
0.2184
0.218393
0.218385
0.218377
0.218367
0.218358
0.218347
0.218337
0.218325
0.218314
0.218302
0.218289
0.218277
0.218264
0.218251
0.218238
0.218225
0.218212
0.218199
0.218186
0.218173
0.218164
0.218152
0.21814
0.218128
0.218117
0.218106
0.218096
0.218087
0.218078
0.218069
0.218061
0.218054
0.218047
0.218042
0.218036
0.218032
0.218028
0.218025
0.218023
0.218021
0.21802
0.218014
0.218014
0.218016
0.218018
0.218021
0.218025
0.218029
0.218034
0.21804
0.218047
0.218054
0.218062
0.21807
0.218079
0.218088
0.218098
0.218109
0.21812
0.218131
0.218143
0.218155
0.218167
0.218176
0.218189
0.218202
0.218215
0.218228
0.218241
0.218253
0.218266
0.218278
0.21829
0.218302
0.218314
0.218325
0.218336
0.218346
0.218355
0.218364
0.218373
0.21838
0.218387
0.218394
0.218399
0.218404
0.218408
0.218411
0.218414
0.218415
0.218416
0.218416
0.218415
0.218414
0.218411
0.218408
0.218404
0.218399
0.218394
0.218387
0.21838
0.218373
0.218364
0.218355
0.218346
0.218336
0.218325
0.218314
0.218302
0.21829
0.218278
0.218266
0.218253
0.218241
0.218228
0.218215
0.218202
0.218189
0.218176
0.218167
0.218155
0.218143
0.218131
0.21812
0.218109
0.218098
0.218088
0.218079
0.21807
0.218062
0.218054
0.218047
0.21804
0.218034
0.218029
0.218025
0.218021
0.218018
0.218016
0.218014
0.218014
0.218007
0.218007
0.218009
0.218011
0.218014
0.218018
0.218022
0.218027
0.218033
0.218039
0.218046
0.218054
0.218062
0.218071
0.21808
0.21809
0.2181
0.218111
0.218122
0.218134
0.218145
0.218157
0.218167
0.218179
0.218192
0.218204
0.218217
0.21823
0.218242
0.218255
0.218267
0.218279
0.21829
0.218302
0.218313
0.218323
0.218333
0.218343
0.218351
0.21836
0.218367
0.218374
0.218381
0.218386
0.218391
0.218395
0.218398
0.2184
0.218402
0.218403
0.218403
0.218402
0.2184
0.218398
0.218395
0.218391
0.218386
0.218381
0.218374
0.218367
0.21836
0.218351
0.218343
0.218333
0.218323
0.218313
0.218302
0.21829
0.218279
0.218267
0.218255
0.218242
0.21823
0.218217
0.218204
0.218192
0.218179
0.218167
0.218157
0.218145
0.218134
0.218122
0.218111
0.2181
0.21809
0.21808
0.218071
0.218062
0.218054
0.218046
0.218039
0.218033
0.218027
0.218022
0.218018
0.218014
0.218011
0.218009
0.218007
0.218007
0.218
0.218
0.218002
0.218004
0.218007
0.21801
0.218015
0.21802
0.218025
0.218031
0.218038
0.218046
0.218054
0.218063
0.218072
0.218081
0.218091
0.218102
0.218113
0.218124
0.218136
0.218148
0.21816
0.218169
0.218181
0.218194
0.218206
0.218219
0.218231
0.218243
0.218255
0.218267
0.218278
0.218289
0.2183
0.21831
0.21832
0.21833
0.218338
0.218347
0.218354
0.218361
0.218367
0.218373
0.218377
0.218381
0.218384
0.218387
0.218388
0.218389
0.218389
0.218388
0.218387
0.218384
0.218381
0.218377
0.218373
0.218367
0.218361
0.218354
0.218347
0.218338
0.21833
0.21832
0.21831
0.2183
0.218289
0.218278
0.218267
0.218255
0.218243
0.218231
0.218219
0.218206
0.218194
0.218181
0.218169
0.21816
0.218148
0.218136
0.218124
0.218113
0.218102
0.218091
0.218081
0.218072
0.218063
0.218054
0.218046
0.218038
0.218031
0.218025
0.21802
0.218015
0.21801
0.218007
0.218004
0.218002
0.218
0.218
0.217992
0.217993
0.217994
0.217997
0.217999
0.218003
0.218007
0.218012
0.218017
0.218024
0.21803
0.218038
0.218046
0.218054
0.218063
0.218073
0.218082
0.218093
0.218104
0.218115
0.218126
0.218138
0.218149
0.218161
0.218171
0.218183
0.218195
0.218207
0.218219
0.218231
0.218243
0.218255
0.218266
0.218277
0.218287
0.218298
0.218307
0.218316
0.218325
0.218333
0.21834
0.218347
0.218353
0.218359
0.218363
0.218367
0.21837
0.218373
0.218374
0.218375
0.218375
0.218374
0.218373
0.21837
0.218367
0.218363
0.218359
0.218353
0.218347
0.21834
0.218333
0.218325
0.218316
0.218307
0.218298
0.218287
0.218277
0.218266
0.218255
0.218243
0.218231
0.218219
0.218207
0.218195
0.218183
0.218171
0.218161
0.218149
0.218138
0.218126
0.218115
0.218104
0.218093
0.218082
0.218073
0.218063
0.218054
0.218046
0.218038
0.21803
0.218024
0.218017
0.218012
0.218007
0.218003
0.217999
0.217997
0.217994
0.217993
0.217992
0.217985
0.217986
0.217987
0.217989
0.217992
0.217995
0.217999
0.218004
0.21801
0.218016
0.218022
0.218029
0.218037
0.218046
0.218054
0.218064
0.218073
0.218084
0.218094
0.218105
0.218116
0.218127
0.218139
0.218151
0.218163
0.218172
0.218184
0.218196
0.218208
0.218219
0.218231
0.218242
0.218253
0.218264
0.218274
0.218284
0.218294
0.218303
0.218311
0.218319
0.218326
0.218333
0.218339
0.218344
0.218349
0.218353
0.218356
0.218358
0.21836
0.218361
0.218361
0.21836
0.218358
0.218356
0.218353
0.218349
0.218344
0.218339
0.218333
0.218326
0.218319
0.218311
0.218303
0.218294
0.218284
0.218274
0.218264
0.218253
0.218242
0.218231
0.218219
0.218208
0.218196
0.218184
0.218172
0.218163
0.218151
0.218139
0.218127
0.218116
0.218105
0.218094
0.218084
0.218073
0.218064
0.218054
0.218046
0.218037
0.218029
0.218022
0.218016
0.21801
0.218004
0.217999
0.217995
0.217992
0.217989
0.217987
0.217986
0.217985
0.217977
0.217978
0.217979
0.217981
0.217984
0.217988
0.217992
0.217996
0.218002
0.218007
0.218014
0.218021
0.218029
0.218037
0.218046
0.218055
0.218064
0.218074
0.218084
0.218095
0.218106
0.218117
0.218129
0.21814
0.218152
0.218161
0.218172
0.218184
0.218196
0.218207
0.218219
0.21823
0.218241
0.218251
0.218261
0.218271
0.21828
0.218289
0.218298
0.218305
0.218312
0.218319
0.218325
0.21833
0.218334
0.218338
0.218341
0.218344
0.218345
0.218346
0.218346
0.218345
0.218344
0.218341
0.218338
0.218334
0.21833
0.218325
0.218319
0.218312
0.218305
0.218298
0.218289
0.21828
0.218271
0.218261
0.218251
0.218241
0.21823
0.218219
0.218207
0.218196
0.218184
0.218172
0.218161
0.218152
0.21814
0.218129
0.218117
0.218106
0.218095
0.218084
0.218074
0.218064
0.218055
0.218046
0.218037
0.218029
0.218021
0.218014
0.218007
0.218002
0.217996
0.217992
0.217988
0.217984
0.217981
0.217979
0.217978
0.217977
0.21797
0.21797
0.217972
0.217974
0.217976
0.21798
0.217984
0.217988
0.217994
0.217999
0.218006
0.218013
0.21802
0.218028
0.218037
0.218046
0.218055
0.218065
0.218075
0.218085
0.218096
0.218107
0.218118
0.218129
0.218141
0.218152
0.218161
0.218172
0.218184
0.218195
0.218206
0.218217
0.218228
0.218238
0.218248
0.218258
0.218267
0.218275
0.218284
0.218291
0.218298
0.218305
0.21831
0.218315
0.21832
0.218324
0.218327
0.218329
0.21833
0.218331
0.218331
0.21833
0.218329
0.218327
0.218324
0.21832
0.218315
0.21831
0.218305
0.218298
0.218291
0.218284
0.218275
0.218267
0.218258
0.218248
0.218238
0.218228
0.218217
0.218206
0.218195
0.218184
0.218172
0.218161
0.218152
0.218141
0.218129
0.218118
0.218107
0.218096
0.218085
0.218075
0.218065
0.218055
0.218046
0.218037
0.218028
0.21802
0.218013
0.218006
0.217999
0.217994
0.217988
0.217984
0.21798
0.217976
0.217974
0.217972
0.21797
0.21797
0.217962
0.217963
0.217964
0.217966
0.217969
0.217972
0.217976
0.21798
0.217985
0.217991
0.217997
0.218004
0.218012
0.218019
0.218028
0.218036
0.218046
0.218055
0.218065
0.218075
0.218086
0.218097
0.218107
0.218119
0.21813
0.218141
0.218152
0.218161
0.218172
0.218183
0.218194
0.218204
0.218215
0.218225
0.218235
0.218244
0.218253
0.218262
0.21827
0.218277
0.218284
0.21829
0.218296
0.218301
0.218305
0.218309
0.218312
0.218314
0.218315
0.218316
0.218316
0.218315
0.218314
0.218312
0.218309
0.218305
0.218301
0.218296
0.21829
0.218284
0.218277
0.21827
0.218262
0.218253
0.218244
0.218235
0.218225
0.218215
0.218204
0.218194
0.218183
0.218172
0.218161
0.218152
0.218141
0.21813
0.218119
0.218107
0.218097
0.218086
0.218075
0.218065
0.218055
0.218046
0.218036
0.218028
0.218019
0.218012
0.218004
0.217997
0.217991
0.217985
0.21798
0.217976
0.217972
0.217969
0.217966
0.217964
0.217963
0.217962
0.217954
0.217955
0.217956
0.217958
0.217961
0.217964
0.217968
0.217972
0.217977
0.217983
0.217989
0.217996
0.218003
0.218011
0.218019
0.218027
0.218036
0.218046
0.218055
0.218065
0.218076
0.218086
0.218097
0.218108
0.218119
0.21813
0.218141
0.218152
0.218163
0.218171
0.218181
0.218192
0.218202
0.218212
0.218221
0.218231
0.218239
0.218248
0.218256
0.218263
0.21827
0.218276
0.218281
0.218286
0.218291
0.218294
0.218297
0.218299
0.218301
0.218301
0.218301
0.218301
0.218299
0.218297
0.218294
0.218291
0.218286
0.218281
0.218276
0.21827
0.218263
0.218256
0.218248
0.218239
0.218231
0.218221
0.218212
0.218202
0.218192
0.218181
0.218171
0.218163
0.218152
0.218141
0.21813
0.218119
0.218108
0.218097
0.218086
0.218076
0.218065
0.218055
0.218046
0.218036
0.218027
0.218019
0.218011
0.218003
0.217996
0.217989
0.217983
0.217977
0.217972
0.217968
0.217964
0.217961
0.217958
0.217956
0.217955
0.217954
0.217947
0.217948
0.217949
0.217951
0.217953
0.217956
0.21796
0.217964
0.217969
0.217975
0.217981
0.217987
0.217994
0.218002
0.21801
0.218018
0.218027
0.218036
0.218046
0.218056
0.218066
0.218076
0.218086
0.218097
0.218108
0.218119
0.218129
0.21814
0.218151
0.218161
0.218169
0.218179
0.218189
0.218199
0.218208
0.218217
0.218226
0.218234
0.218242
0.218249
0.218255
0.218261
0.218267
0.218272
0.218276
0.218279
0.218282
0.218284
0.218286
0.218286
0.218286
0.218286
0.218284
0.218282
0.218279
0.218276
0.218272
0.218267
0.218261
0.218255
0.218249
0.218242
0.218234
0.218226
0.218217
0.218208
0.218199
0.218189
0.218179
0.218169
0.218161
0.218151
0.21814
0.218129
0.218119
0.218108
0.218097
0.218086
0.218076
0.218066
0.218056
0.218046
0.218036
0.218027
0.218018
0.21801
0.218002
0.217994
0.217987
0.217981
0.217975
0.217969
0.217964
0.21796
0.217956
0.217953
0.217951
0.217949
0.217948
0.217947
0.217939
0.21794
0.217941
0.217943
0.217946
0.217949
0.217952
0.217957
0.217961
0.217967
0.217973
0.217979
0.217986
0.217993
0.218001
0.218009
0.218018
0.218027
0.218036
0.218046
0.218056
0.218066
0.218076
0.218086
0.218097
0.218107
0.218118
0.218129
0.218139
0.218149
0.21816
0.218167
0.218176
0.218186
0.218195
0.218204
0.218212
0.21822
0.218228
0.218235
0.218241
0.218247
0.218253
0.218257
0.218261
0.218265
0.218268
0.21827
0.218271
0.218272
0.218272
0.218271
0.21827
0.218268
0.218265
0.218261
0.218257
0.218253
0.218247
0.218241
0.218235
0.218228
0.21822
0.218212
0.218204
0.218195
0.218186
0.218176
0.218167
0.21816
0.218149
0.218139
0.218129
0.218118
0.218107
0.218097
0.218086
0.218076
0.218066
0.218056
0.218046
0.218036
0.218027
0.218018
0.218009
0.218001
0.217993
0.217986
0.217979
0.217973
0.217967
0.217961
0.217957
0.217952
0.217949
0.217946
0.217943
0.217941
0.21794
0.217939
0.217932
0.217932
0.217934
0.217936
0.217938
0.217941
0.217945
0.217949
0.217953
0.217959
0.217965
0.217971
0.217978
0.217985
0.217992
0.218
0.218009
0.218018
0.218027
0.218036
0.218046
0.218056
0.218066
0.218076
0.218086
0.218097
0.218107
0.218117
0.218127
0.218138
0.218148
0.218157
0.218167
0.218173
0.218182
0.218191
0.218199
0.218207
0.218214
0.218221
0.218227
0.218233
0.218238
0.218243
0.218247
0.21825
0.218253
0.218255
0.218257
0.218257
0.218257
0.218257
0.218255
0.218253
0.21825
0.218247
0.218243
0.218238
0.218233
0.218227
0.218221
0.218214
0.218207
0.218199
0.218191
0.218182
0.218173
0.218167
0.218157
0.218148
0.218138
0.218127
0.218117
0.218107
0.218097
0.218086
0.218076
0.218066
0.218056
0.218046
0.218036
0.218027
0.218018
0.218009
0.218
0.217992
0.217985
0.217978
0.217971
0.217964
0.217959
0.217953
0.217949
0.217945
0.217941
0.217938
0.217936
0.217934
0.217932
0.217932
0.217925
0.217925
0.217926
0.217928
0.217931
0.217933
0.217937
0.217941
0.217946
0.217951
0.217957
0.217963
0.217969
0.217976
0.217984
0.217992
0.218
0.218009
0.218018
0.218027
0.218036
0.218046
0.218056
0.218066
0.218076
0.218086
0.218096
0.218106
0.218116
0.218126
0.218136
0.218145
0.218155
0.218164
0.21817
0.218178
0.218186
0.218194
0.218201
0.218208
0.218214
0.218219
0.218225
0.218229
0.218233
0.218236
0.218239
0.218241
0.218242
0.218243
0.218243
0.218242
0.218241
0.218239
0.218236
0.218233
0.218229
0.218225
0.218219
0.218214
0.218208
0.218201
0.218194
0.218186
0.218178
0.21817
0.218164
0.218155
0.218145
0.218136
0.218126
0.218116
0.218106
0.218096
0.218086
0.218076
0.218066
0.218056
0.218046
0.218036
0.218027
0.218018
0.218009
0.218
0.217992
0.217984
0.217976
0.217969
0.217963
0.217957
0.217951
0.217946
0.217941
0.217937
0.217933
0.217931
0.217928
0.217926
0.217925
0.217925
0.217917
0.217918
0.217919
0.217921
0.217923
0.217926
0.21793
0.217934
0.217938
0.217943
0.217949
0.217955
0.217961
0.217968
0.217976
0.217983
0.217991
0.218
0.218009
0.218018
0.218027
0.218036
0.218046
0.218056
0.218065
0.218075
0.218085
0.218095
0.218105
0.218115
0.218124
0.218134
0.218143
0.218152
0.21816
0.218168
0.218176
0.218181
0.218188
0.218194
0.2182
0.218206
0.218211
0.218215
0.218219
0.218222
0.218225
0.218227
0.218228
0.218229
0.218229
0.218228
0.218227
0.218225
0.218222
0.218219
0.218215
0.218211
0.218206
0.2182
0.218194
0.218188
0.218181
0.218176
0.218168
0.21816
0.218152
0.218143
0.218134
0.218124
0.218115
0.218105
0.218095
0.218085
0.218075
0.218065
0.218056
0.218046
0.218036
0.218027
0.218018
0.218009
0.218
0.217991
0.217983
0.217976
0.217968
0.217961
0.217955
0.217949
0.217943
0.217938
0.217934
0.21793
0.217926
0.217923
0.217921
0.217919
0.217918
0.217917
0.21791
0.217911
0.217912
0.217914
0.217916
0.217919
0.217922
0.217926
0.217931
0.217936
0.217941
0.217947
0.217953
0.21796
0.217967
0.217975
0.217983
0.217991
0.218
0.218009
0.218018
0.218027
0.218036
0.218046
0.218055
0.218065
0.218075
0.218084
0.218094
0.218104
0.218113
0.218122
0.218131
0.21814
0.218148
0.218156
0.218164
0.218171
0.218178
0.218181
0.218187
0.218193
0.218198
0.218202
0.218206
0.218209
0.218211
0.218213
0.218215
0.218215
0.218215
0.218215
0.218213
0.218211
0.218209
0.218206
0.218202
0.218198
0.218193
0.218187
0.218181
0.218178
0.218171
0.218164
0.218156
0.218148
0.21814
0.218131
0.218122
0.218113
0.218104
0.218094
0.218084
0.218075
0.218065
0.218055
0.218046
0.218036
0.218027
0.218018
0.218009
0.218
0.217991
0.217983
0.217975
0.217967
0.21796
0.217953
0.217947
0.217941
0.217936
0.217931
0.217926
0.217922
0.217919
0.217916
0.217914
0.217912
0.217911
0.21791
0.217904
0.217904
0.217905
0.217907
0.217909
0.217912
0.217915
0.217919
0.217923
0.217928
0.217934
0.217939
0.217946
0.217952
0.217959
0.217967
0.217975
0.217983
0.217991
0.218
0.218009
0.218018
0.218027
0.218036
0.218046
0.218055
0.218065
0.218074
0.218084
0.218093
0.218102
0.218111
0.21812
0.218128
0.218136
0.218144
0.218152
0.218159
0.218166
0.218172
0.218178
0.218183
0.218188
0.218189
0.218193
0.218196
0.218198
0.2182
0.218201
0.218202
0.218202
0.218201
0.2182
0.218198
0.218196
0.218193
0.218189
0.218188
0.218183
0.218178
0.218172
0.218166
0.218159
0.218152
0.218144
0.218136
0.218128
0.21812
0.218111
0.218102
0.218093
0.218084
0.218074
0.218065
0.218055
0.218046
0.218036
0.218027
0.218018
0.218009
0.218
0.217991
0.217983
0.217975
0.217967
0.217959
0.217952
0.217946
0.217939
0.217934
0.217928
0.217923
0.217919
0.217915
0.217912
0.217909
0.217907
0.217905
0.217904
0.217904
0.217897
0.217897
0.217899
0.2179
0.217902
0.217905
0.217908
0.217912
0.217917
0.217921
0.217927
0.217932
0.217938
0.217945
0.217952
0.217959
0.217967
0.217975
0.217983
0.217991
0.218
0.218009
0.218018
0.218027
0.218036
0.218046
0.218055
0.218064
0.218073
0.218082
0.218091
0.2181
0.218109
0.218117
0.218125
0.218133
0.21814
0.218147
0.218154
0.21816
0.218166
0.218171
0.218175
0.21818
0.218183
0.218186
0.218189
0.21819
0.218192
0.218192
0.218192
0.218192
0.21819
0.218189
0.218186
0.218183
0.21818
0.218175
0.218171
0.218166
0.21816
0.218154
0.218147
0.21814
0.218133
0.218125
0.218117
0.218109
0.2181
0.218091
0.218082
0.218073
0.218064
0.218055
0.218046
0.218036
0.218027
0.218018
0.218009
0.218
0.217991
0.217983
0.217975
0.217967
0.217959
0.217952
0.217945
0.217938
0.217932
0.217927
0.217921
0.217917
0.217912
0.217908
0.217905
0.217902
0.2179
0.217899
0.217897
0.217897
0.217891
0.217891
0.217892
0.217894
0.217896
0.217899
0.217902
0.217906
0.21791
0.217915
0.21792
0.217925
0.217931
0.217938
0.217944
0.217952
0.217959
0.217967
0.217975
0.217983
0.217992
0.218
0.218009
0.218018
0.218027
0.218036
0.218046
0.218055
0.218064
0.218073
0.218081
0.21809
0.218098
0.218106
0.218114
0.218122
0.218129
0.218136
0.218142
0.218148
0.218154
0.218159
0.218164
0.218168
0.218171
0.218174
0.218176
0.218178
0.218179
0.21818
0.21818
0.218179
0.218178
0.218176
0.218174
0.218171
0.218168
0.218164
0.218159
0.218154
0.218148
0.218142
0.218136
0.218129
0.218122
0.218114
0.218106
0.218098
0.21809
0.218081
0.218073
0.218064
0.218055
0.218046
0.218036
0.218027
0.218018
0.218009
0.218
0.217992
0.217983
0.217975
0.217967
0.217959
0.217952
0.217944
0.217938
0.217931
0.217925
0.21792
0.217915
0.21791
0.217906
0.217902
0.217899
0.217896
0.217894
0.217892
0.217891
0.217891
0.217885
0.217885
0.217886
0.217888
0.21789
0.217893
0.217896
0.217899
0.217903
0.217908
0.217913
0.217919
0.217924
0.217931
0.217937
0.217944
0.217952
0.217959
0.217967
0.217976
0.217984
0.217992
0.218001
0.21801
0.218019
0.218028
0.218037
0.218046
0.218054
0.218063
0.218072
0.21808
0.218088
0.218096
0.218104
0.218111
0.218119
0.218125
0.218132
0.218137
0.218143
0.218148
0.218152
0.218156
0.21816
0.218163
0.218165
0.218167
0.218168
0.218168
0.218168
0.218168
0.218167
0.218165
0.218163
0.21816
0.218156
0.218152
0.218148
0.218143
0.218137
0.218132
0.218125
0.218119
0.218111
0.218104
0.218096
0.218088
0.21808
0.218072
0.218063
0.218054
0.218046
0.218037
0.218028
0.218019
0.21801
0.218001
0.217992
0.217984
0.217976
0.217967
0.217959
0.217952
0.217944
0.217937
0.217931
0.217924
0.217919
0.217913
0.217908
0.217903
0.217899
0.217896
0.217892
0.21789
0.217888
0.217886
0.217885
0.217885
0.217879
0.217879
0.21788
0.217882
0.217884
0.217887
0.21789
0.217893
0.217897
0.217902
0.217907
0.217912
0.217918
0.217924
0.217931
0.217938
0.217945
0.217952
0.21796
0.217968
0.217976
0.217985
0.217993
0.218002
0.218011
0.218019
0.218028
0.218037
0.218046
0.218054
0.218063
0.218071
0.218079
0.218087
0.218094
0.218102
0.218108
0.218115
0.218121
0.218127
0.218132
0.218137
0.218142
0.218145
0.218149
0.218152
0.218154
0.218156
0.218157
0.218157
0.218157
0.218157
0.218156
0.218154
0.218152
0.218149
0.218145
0.218142
0.218137
0.218132
0.218127
0.218121
0.218115
0.218108
0.218102
0.218094
0.218087
0.218079
0.218071
0.218063
0.218054
0.218046
0.218037
0.218028
0.218019
0.218011
0.218002
0.217993
0.217985
0.217976
0.217968
0.21796
0.217952
0.217945
0.217938
0.217931
0.217924
0.217918
0.217912
0.217907
0.217902
0.217897
0.217893
0.21789
0.217887
0.217884
0.217882
0.21788
0.217879
0.217879
0.217873
0.217874
0.217875
0.217876
0.217878
0.217881
0.217884
0.217888
0.217892
0.217896
0.217901
0.217906
0.217912
0.217918
0.217924
0.217931
0.217938
0.217946
0.217953
0.217961
0.217969
0.217978
0.217986
0.217994
0.218003
0.218012
0.21802
0.218029
0.218037
0.218046
0.218054
0.218062
0.21807
0.218078
0.218085
0.218092
0.218099
0.218105
0.218111
0.218117
0.218122
0.218127
0.218131
0.218135
0.218138
0.218141
0.218143
0.218145
0.218146
0.218147
0.218147
0.218146
0.218145
0.218143
0.218141
0.218138
0.218135
0.218131
0.218127
0.218122
0.218117
0.218111
0.218105
0.218099
0.218092
0.218085
0.218078
0.21807
0.218062
0.218054
0.218046
0.218037
0.218029
0.21802
0.218012
0.218003
0.217994
0.217986
0.217978
0.217969
0.217961
0.217953
0.217946
0.217938
0.217931
0.217924
0.217918
0.217912
0.217906
0.217901
0.217896
0.217892
0.217888
0.217884
0.217881
0.217878
0.217876
0.217875
0.217874
0.217873
0.217868
0.217869
0.21787
0.217871
0.217873
0.217876
0.217879
0.217882
0.217886
0.217891
0.217895
0.217901
0.217906
0.217912
0.217919
0.217925
0.217932
0.217939
0.217947
0.217955
0.217963
0.217971
0.217979
0.217987
0.217996
0.218004
0.218013
0.218021
0.218029
0.218038
0.218046
0.218054
0.218062
0.218069
0.218076
0.218083
0.21809
0.218096
0.218102
0.218108
0.218113
0.218118
0.218122
0.218126
0.218129
0.218132
0.218134
0.218135
0.218137
0.218137
0.218137
0.218137
0.218135
0.218134
0.218132
0.218129
0.218126
0.218122
0.218118
0.218113
0.218108
0.218102
0.218096
0.21809
0.218083
0.218076
0.218069
0.218062
0.218054
0.218046
0.218038
0.218029
0.218021
0.218013
0.218004
0.217996
0.217987
0.217979
0.217971
0.217963
0.217955
0.217947
0.217939
0.217932
0.217925
0.217919
0.217912
0.217906
0.217901
0.217895
0.217891
0.217886
0.217882
0.217879
0.217876
0.217873
0.217871
0.21787
0.217869
0.217868
0.217863
0.217864
0.217865
0.217866
0.217868
0.217871
0.217874
0.217877
0.217881
0.217885
0.21789
0.217895
0.217901
0.217907
0.217913
0.21792
0.217927
0.217934
0.217941
0.217949
0.217957
0.217964
0.217973
0.217981
0.217989
0.217997
0.218006
0.218014
0.218022
0.21803
0.218038
0.218046
0.218054
0.218061
0.218068
0.218075
0.218082
0.218088
0.218094
0.218099
0.218104
0.218109
0.218113
0.218117
0.21812
0.218123
0.218125
0.218126
0.218127
0.218128
0.218128
0.218127
0.218126
0.218125
0.218123
0.21812
0.218117
0.218113
0.218109
0.218104
0.218099
0.218094
0.218088
0.218082
0.218075
0.218068
0.218061
0.218054
0.218046
0.218038
0.21803
0.218022
0.218014
0.218006
0.217997
0.217989
0.217981
0.217973
0.217964
0.217957
0.217949
0.217941
0.217934
0.217927
0.21792
0.217913
0.217907
0.217901
0.217895
0.21789
0.217885
0.217881
0.217877
0.217874
0.217871
0.217868
0.217866
0.217865
0.217864
0.217863
0.217859
0.21786
0.217861
0.217862
0.217864
0.217866
0.217869
0.217873
0.217877
0.217881
0.217885
0.217891
0.217896
0.217902
0.217908
0.217915
0.217921
0.217928
0.217936
0.217943
0.217951
0.217959
0.217967
0.217975
0.217983
0.217991
0.217999
0.218007
0.218016
0.218024
0.218031
0.218039
0.218047
0.218054
0.218061
0.218068
0.218074
0.21808
0.218086
0.218092
0.218096
0.218101
0.218105
0.218109
0.218112
0.218114
0.218117
0.218118
0.218119
0.21812
0.21812
0.218119
0.218118
0.218117
0.218114
0.218112
0.218109
0.218105
0.218101
0.218096
0.218092
0.218086
0.21808
0.218074
0.218068
0.218061
0.218054
0.218047
0.218039
0.218031
0.218024
0.218016
0.218007
0.217999
0.217991
0.217983
0.217975
0.217967
0.217959
0.217951
0.217943
0.217936
0.217928
0.217921
0.217915
0.217908
0.217902
0.217896
0.217891
0.217885
0.217881
0.217877
0.217873
0.217869
0.217866
0.217864
0.217862
0.217861
0.21786
0.217859
0.217855
0.217856
0.217857
0.217858
0.21786
0.217862
0.217865
0.217869
0.217872
0.217877
0.217881
0.217886
0.217892
0.217897
0.217903
0.21791
0.217917
0.217923
0.217931
0.217938
0.217946
0.217953
0.217961
0.217969
0.217977
0.217985
0.217994
0.218002
0.21801
0.218017
0.218025
0.218033
0.21804
0.218047
0.218054
0.218061
0.218067
0.218073
0.218079
0.218084
0.218089
0.218094
0.218098
0.218101
0.218104
0.218107
0.218109
0.218111
0.218112
0.218112
0.218112
0.218112
0.218111
0.218109
0.218107
0.218104
0.218101
0.218098
0.218094
0.218089
0.218084
0.218079
0.218073
0.218067
0.218061
0.218054
0.218047
0.21804
0.218033
0.218025
0.218017
0.21801
0.218002
0.217994
0.217985
0.217977
0.217969
0.217961
0.217953
0.217946
0.217938
0.217931
0.217923
0.217917
0.21791
0.217903
0.217897
0.217892
0.217886
0.217881
0.217877
0.217872
0.217869
0.217865
0.217862
0.21786
0.217858
0.217857
0.217856
0.217855
0.217851
0.217852
0.217853
0.217854
0.217856
0.217859
0.217862
0.217865
0.217869
0.217873
0.217877
0.217882
0.217888
0.217893
0.217899
0.217906
0.217912
0.217919
0.217926
0.217934
0.217941
0.217949
0.217957
0.217964
0.217972
0.21798
0.217988
0.217996
0.218004
0.218012
0.21802
0.218027
0.218034
0.218042
0.218048
0.218055
0.218061
0.218067
0.218073
0.218078
0.218083
0.218087
0.218091
0.218095
0.218098
0.2181
0.218102
0.218104
0.218105
0.218105
0.218105
0.218105
0.218104
0.218102
0.2181
0.218098
0.218095
0.218091
0.218087
0.218083
0.218078
0.218073
0.218067
0.218061
0.218055
0.218048
0.218042
0.218034
0.218027
0.21802
0.218012
0.218004
0.217996
0.217988
0.21798
0.217972
0.217964
0.217957
0.217949
0.217941
0.217934
0.217926
0.217919
0.217912
0.217906
0.217899
0.217893
0.217888
0.217882
0.217877
0.217873
0.217869
0.217865
0.217862
0.217859
0.217856
0.217854
0.217853
0.217852
0.217851
0.217848
0.217849
0.21785
0.217851
0.217853
0.217855
0.217858
0.217862
0.217865
0.217869
0.217874
0.217879
0.217884
0.21789
0.217896
0.217902
0.217908
0.217915
0.217922
0.21793
0.217937
0.217945
0.217952
0.21796
0.217968
0.217976
0.217984
0.217992
0.217999
0.218007
0.218015
0.218022
0.218029
0.218036
0.218043
0.21805
0.218056
0.218062
0.218067
0.218072
0.218077
0.218081
0.218085
0.218089
0.218092
0.218094
0.218096
0.218098
0.218099
0.218099
0.218099
0.218099
0.218098
0.218096
0.218094
0.218092
0.218089
0.218085
0.218081
0.218077
0.218072
0.218067
0.218062
0.218056
0.21805
0.218043
0.218036
0.218029
0.218022
0.218015
0.218007
0.217999
0.217992
0.217984
0.217976
0.217968
0.21796
0.217952
0.217945
0.217937
0.21793
0.217922
0.217915
0.217908
0.217902
0.217896
0.21789
0.217884
0.217879
0.217874
0.217869
0.217865
0.217862
0.217858
0.217855
0.217853
0.217851
0.21785
0.217849
0.217848
0.217846
0.217846
0.217847
0.217848
0.21785
0.217853
0.217855
0.217859
0.217862
0.217866
0.217871
0.217876
0.217881
0.217887
0.217892
0.217899
0.217905
0.217912
0.217919
0.217926
0.217933
0.217941
0.217949
0.217956
0.217964
0.217972
0.21798
0.217988
0.217995
0.218003
0.21801
0.218018
0.218025
0.218032
0.218039
0.218045
0.218051
0.218057
0.218062
0.218068
0.218072
0.218077
0.21808
0.218084
0.218087
0.218089
0.218091
0.218093
0.218094
0.218094
0.218094
0.218094
0.218093
0.218091
0.218089
0.218087
0.218084
0.21808
0.218077
0.218072
0.218068
0.218062
0.218057
0.218051
0.218045
0.218039
0.218032
0.218025
0.218018
0.21801
0.218003
0.217995
0.217988
0.21798
0.217972
0.217964
0.217956
0.217949
0.217941
0.217933
0.217926
0.217919
0.217912
0.217905
0.217899
0.217892
0.217887
0.217881
0.217876
0.217871
0.217866
0.217862
0.217859
0.217855
0.217853
0.21785
0.217848
0.217847
0.217846
0.217846
0.217843
0.217844
0.217845
0.217846
0.217848
0.21785
0.217853
0.217856
0.21786
0.217864
0.217868
0.217873
0.217878
0.217884
0.21789
0.217896
0.217902
0.217909
0.217916
0.217923
0.217931
0.217938
0.217946
0.217953
0.217961
0.217969
0.217976
0.217984
0.217992
0.217999
0.218007
0.218014
0.218021
0.218028
0.218035
0.218041
0.218047
0.218053
0.218058
0.218063
0.218068
0.218072
0.218076
0.21808
0.218083
0.218085
0.218087
0.218088
0.218089
0.21809
0.21809
0.218089
0.218088
0.218087
0.218085
0.218083
0.21808
0.218076
0.218072
0.218068
0.218063
0.218058
0.218053
0.218047
0.218041
0.218035
0.218028
0.218021
0.218014
0.218007
0.217999
0.217992
0.217984
0.217976
0.217969
0.217961
0.217953
0.217946
0.217938
0.217931
0.217923
0.217916
0.217909
0.217902
0.217896
0.21789
0.217884
0.217878
0.217873
0.217868
0.217864
0.21786
0.217856
0.217853
0.21785
0.217848
0.217846
0.217845
0.217844
0.217843
0.217841
0.217842
0.217843
0.217844
0.217846
0.217848
0.217851
0.217854
0.217858
0.217862
0.217866
0.217871
0.217876
0.217882
0.217888
0.217894
0.2179
0.217907
0.217914
0.217921
0.217928
0.217936
0.217943
0.217951
0.217958
0.217966
0.217974
0.217981
0.217989
0.217997
0.218004
0.218011
0.218018
0.218025
0.218032
0.218038
0.218044
0.21805
0.218055
0.21806
0.218065
0.218069
0.218073
0.218076
0.218079
0.218082
0.218084
0.218085
0.218086
0.218087
0.218087
0.218086
0.218085
0.218084
0.218082
0.218079
0.218076
0.218073
0.218069
0.218065
0.21806
0.218055
0.21805
0.218044
0.218038
0.218032
0.218025
0.218018
0.218011
0.218004
0.217997
0.217989
0.217981
0.217974
0.217966
0.217958
0.217951
0.217943
0.217936
0.217928
0.217921
0.217914
0.217907
0.2179
0.217894
0.217888
0.217882
0.217876
0.217871
0.217866
0.217862
0.217858
0.217854
0.217851
0.217848
0.217846
0.217844
0.217843
0.217842
0.217841
0.21784
0.217841
0.217841
0.217843
0.217845
0.217847
0.21785
0.217853
0.217857
0.217861
0.217865
0.21787
0.217875
0.21788
0.217886
0.217892
0.217899
0.217905
0.217912
0.217919
0.217926
0.217934
0.217941
0.217949
0.217956
0.217964
0.217972
0.217979
0.217987
0.217994
0.218002
0.218009
0.218016
0.218023
0.218029
0.218036
0.218042
0.218047
0.218053
0.218058
0.218062
0.218067
0.21807
0.218074
0.218077
0.218079
0.218081
0.218082
0.218083
0.218084
0.218084
0.218083
0.218082
0.218081
0.218079
0.218077
0.218074
0.21807
0.218067
0.218062
0.218058
0.218053
0.218047
0.218042
0.218036
0.218029
0.218023
0.218016
0.218009
0.218002
0.217994
0.217987
0.217979
0.217972
0.217964
0.217956
0.217949
0.217941
0.217934
0.217926
0.217919
0.217912
0.217905
0.217899
0.217892
0.217886
0.21788
0.217875
0.21787
0.217865
0.217861
0.217857
0.217853
0.21785
0.217847
0.217845
0.217843
0.217841
0.217841
0.21784
0.217839
0.21784
0.217841
0.217842
0.217844
0.217846
0.217849
0.217852
0.217856
0.21786
0.217864
0.217869
0.217874
0.217879
0.217885
0.217891
0.217897
0.217904
0.217911
0.217918
0.217925
0.217932
0.21794
0.217948
0.217955
0.217963
0.21797
0.217978
0.217986
0.217993
0.218
0.218007
0.218014
0.218021
0.218028
0.218034
0.21804
0.218046
0.218051
0.218056
0.218061
0.218065
0.218069
0.218072
0.218075
0.218077
0.218079
0.218081
0.218082
0.218082
0.218082
0.218082
0.218081
0.218079
0.218077
0.218075
0.218072
0.218069
0.218065
0.218061
0.218056
0.218051
0.218046
0.21804
0.218034
0.218028
0.218021
0.218014
0.218007
0.218
0.217993
0.217986
0.217978
0.21797
0.217963
0.217955
0.217948
0.21794
0.217932
0.217925
0.217918
0.217911
0.217904
0.217897
0.217891
0.217885
0.217879
0.217874
0.217869
0.217864
0.21786
0.217856
0.217852
0.217849
0.217846
0.217844
0.217842
0.217841
0.21784
0.217839
0.217839
0.217839
0.21784
0.217841
0.217843
0.217846
0.217848
0.217851
0.217855
0.217859
0.217863
0.217868
0.217873
0.217879
0.217885
0.217891
0.217897
0.217904
0.21791
0.217917
0.217925
0.217932
0.217939
0.217947
0.217954
0.217962
0.21797
0.217977
0.217985
0.217992
0.218
0.218007
0.218014
0.21802
0.218027
0.218033
0.218039
0.218045
0.21805
0.218055
0.21806
0.218064
0.218068
0.218071
0.218074
0.218076
0.218078
0.21808
0.218081
0.218081
0.218081
0.218081
0.21808
0.218078
0.218076
0.218074
0.218071
0.218068
0.218064
0.21806
0.218055
0.21805
0.218045
0.218039
0.218033
0.218027
0.21802
0.218014
0.218007
0.218
0.217992
0.217985
0.217977
0.21797
0.217962
0.217954
0.217947
0.217939
0.217932
0.217925
0.217917
0.21791
0.217904
0.217897
0.217891
0.217885
0.217879
0.217873
0.217868
0.217863
0.217859
0.217855
0.217851
0.217848
0.217846
0.217843
0.217841
0.21784
0.217839
0.217839
)
;

boundaryField
{
    backAndFront
    {
        type            empty;
    }
    dirichletBoundary
    {
        type            calculated;
        value           nonuniform List<scalar> 
400
(
0.157839
0.157839
0.157839
0.15784
0.157841
0.157843
0.157846
0.157848
0.157851
0.157855
0.157859
0.157863
0.157868
0.157873
0.157879
0.157885
0.157891
0.157897
0.157904
0.15791
0.157917
0.157925
0.157932
0.157939
0.157947
0.157954
0.157962
0.15797
0.157977
0.157985
0.157992
0.158
0.158007
0.158014
0.15802
0.158027
0.158033
0.158039
0.158045
0.15805
0.158055
0.15806
0.158064
0.158068
0.158071
0.158074
0.158076
0.158078
0.15808
0.158081
0.158081
0.158081
0.158081
0.15808
0.158078
0.158076
0.158074
0.158071
0.158068
0.158064
0.15806
0.158055
0.15805
0.158045
0.158039
0.158033
0.158027
0.15802
0.158014
0.158007
0.158
0.157992
0.157985
0.157977
0.15797
0.157962
0.157954
0.157947
0.157939
0.157932
0.157925
0.157917
0.15791
0.157904
0.157897
0.157891
0.157885
0.157879
0.157873
0.157868
0.157863
0.157859
0.157855
0.157851
0.157848
0.157846
0.157843
0.157841
0.15784
0.157839
0.157839
0.157839
0.157839
0.157839
0.15784
0.15784
0.157841
0.157841
0.157843
0.157843
0.157846
0.157846
0.157848
0.157848
0.157851
0.157851
0.157855
0.157855
0.157859
0.157859
0.157863
0.157863
0.157868
0.157868
0.157873
0.157873
0.157879
0.157879
0.157885
0.157885
0.157891
0.157891
0.157897
0.157897
0.157904
0.157904
0.15791
0.15791
0.157917
0.157917
0.157925
0.157925
0.157932
0.157932
0.157939
0.157939
0.157947
0.157947
0.157954
0.157954
0.157962
0.157962
0.15797
0.15797
0.157977
0.157977
0.157985
0.157985
0.157992
0.157992
0.158
0.158
0.158007
0.158007
0.158014
0.158014
0.15802
0.15802
0.158027
0.158027
0.158033
0.158033
0.158039
0.158039
0.158045
0.158045
0.15805
0.15805
0.158055
0.158055
0.15806
0.15806
0.158064
0.158064
0.158068
0.158068
0.158071
0.158071
0.158074
0.158074
0.158076
0.158076
0.158078
0.158078
0.15808
0.15808
0.158081
0.158081
0.158081
0.158081
0.158081
0.158081
0.158081
0.158081
0.15808
0.15808
0.158078
0.158078
0.158076
0.158076
0.158074
0.158074
0.158071
0.158071
0.158068
0.158068
0.158064
0.158064
0.15806
0.15806
0.158055
0.158055
0.15805
0.15805
0.158045
0.158045
0.158039
0.158039
0.158033
0.158033
0.158027
0.158027
0.15802
0.15802
0.158014
0.158014
0.158007
0.158007
0.158
0.158
0.157992
0.157992
0.157985
0.157985
0.157977
0.157977
0.15797
0.15797
0.157962
0.157962
0.157954
0.157954
0.157947
0.157947
0.157939
0.157939
0.157932
0.157932
0.157925
0.157925
0.157917
0.157917
0.15791
0.15791
0.157904
0.157904
0.157897
0.157897
0.157891
0.157891
0.157885
0.157885
0.157879
0.157879
0.157873
0.157873
0.157868
0.157868
0.157863
0.157863
0.157859
0.157859
0.157855
0.157855
0.157851
0.157851
0.157848
0.157848
0.157846
0.157846
0.157843
0.157843
0.157841
0.157841
0.15784
0.15784
0.157839
0.157839
0.157839
0.157839
0.157839
0.15784
0.157841
0.157843
0.157846
0.157848
0.157851
0.157855
0.157859
0.157863
0.157868
0.157873
0.157879
0.157885
0.157891
0.157897
0.157904
0.15791
0.157917
0.157925
0.157932
0.157939
0.157947
0.157954
0.157962
0.15797
0.157977
0.157985
0.157992
0.158
0.158007
0.158014
0.15802
0.158027
0.158033
0.158039
0.158045
0.15805
0.158055
0.15806
0.158064
0.158068
0.158071
0.158074
0.158076
0.158078
0.15808
0.158081
0.158081
0.158081
0.158081
0.15808
0.158078
0.158076
0.158074
0.158071
0.158068
0.158064
0.15806
0.158055
0.15805
0.158045
0.158039
0.158033
0.158027
0.15802
0.158014
0.158007
0.158
0.157992
0.157985
0.157977
0.15797
0.157962
0.157954
0.157947
0.157939
0.157932
0.157925
0.157917
0.15791
0.157904
0.157897
0.157891
0.157885
0.157879
0.157873
0.157868
0.157863
0.157859
0.157855
0.157851
0.157848
0.157846
0.157843
0.157841
0.15784
0.157839
0.157839
0.157839
)
;
    }
}


// ************************************************************************* //
